0	3	4	3	13	9	5	8	5	1	3	27	14	10	17	20	1	3	3	4	1	6	4	13	4	1	1	1	6	1	1
0	3	7	2	9	8	4	9	3	2	2	32	12	9	20	17	1	3	3	3	1	6	10	10	10	1	1	3	6	1	6
0	8	8	6	6	8	5	5	5	7	2	12	21	11	9	28	1	14	1	9	9	1	9	1	9	1	1	1	1	1	9
0	2	13	5	10	7	2	4	6	7	3	16	16	15	10	27	1	1	1	1	14	14	1	7	1	1	1	1	1	1	7
0	5	7	4	5	7	3	7	6	5	3	18	16	11	14	23	3	6	1	2	3	3	7	2	5	1	2	1	3	2	3
0	2	8	4	10	9	4	4	3	5	3	17	16	12	13	24	1	2	1	1	1	8	11	9	4	2	1	1	1	5	7
0	3	11	3	9	5	3	4	6	7	1	11	14	13	14	23	1	4	1	1	1	9	9	4	9	4	4	4	1	4	9
0	4	8	4	8	8	5	6	4	5	3	17	16	10	15	22	1	7	1	5	1	9	5	7	3	1	7	1	9	1	3
0	2	7	2	5	8	6	6	7	6	3	20	15	10	16	21	1	1	1	4	4	4	1	4	4	1	4	1	4	1	8
0	1	2	2	6	12	4	18	7	5	3	32	15	3	22	15	1	1	1	4	1	1	1	9	4	1	1	1	1	6	1
0	2	11	3	11	14	2	5	2	2	2	13	22	14	5	32	1	4	1	1	1	10	21	15	1	1	4	1	1	1	12
0	1	5	2	14	8	1	8	4	4	1	19	14	11	16	21	1	1	1	1	3	6	8	15	1	1	1	1	1	1	1
0	4	5	5	9	6	6	9	5	4	2	21	14	9	18	19	1	1	1	11	11	1	1	1	1	11	1	11	6	1	1
0	5	11	3	8	12	3	7	4	8	1	10	20	15	6	31	1	1	1	8	15	15	25	1	1	1	1	1	14	1	1
0	13	8	2	5	8	4	4	5	3	3	17	14	13	14	23	11	15	1	9	1	1	1	1	1	1	1	1	1	1	9
0	2	8	3	10	10	8	6	5	4	1	25	14	10	17	20	1	4	1	4	4	6	6	9	9	1	9	1	12	6	4
0	2	5	3	10	5	6	4	6	8	3	16	9	8	24	13	1	1	1	1	7	1	7	1	1	1	7	1	1	1	1
0	2	8	3	6	8	4	7	7	6	3	19	15	12	14	23	1	1	1	4	4	14	1	4	1	1	4	1	4	1	8
0	2	5	4	6	5	3	5	8	3	5	25	12	10	19	18	1	1	1	1	1	1	6	6	1	1	1	1	1	1	1
0	2	6	3	8	9	3	8	2	6	1	17	16	11	14	23	1	1	1	1	5	9	1	9	5	1	1	1	1	1	1
0	3	5	3	9	5	4	9	6	7	2	24	10	9	22	15	1	1	1	6	1	3	6	3	6	3	3	3	6	1	1
0	3	7	4	9	7	4	6	3	5	2	16	13	14	14	23	1	8	1	1	1	1	1	14	1	1	1	1	8	8	1
0	4	3	1	7	1	8	15	8	3	1	33	2	4	35	2	1	4	9	7	1	1	1	1	4	4	4	9	7	9	1
0	3	7	4	5	5	6	7	7	4	3	22	15	11	15	22	1	5	5	1	1	12	5	1	8	5	5	5	1	1	5
0	2	9	2	12	12	3	6	3	5	2	16	16	11	13	24	1	3	1	3	1	6	8	12	3	1	1	1	3	3	5
0	3	9	3	14	10	3	8	4	3	2	15	15	12	14	23	1	4	1	4	1	4	11	14	1	1	4	1	1	1	1
0	3	7	2	7	11	4	12	5	5	2	23	14	11	16	21	1	1	1	12	1	1	9	9	5	1	5	1	5	9	5
0	3	9	4	8	9	5	4	6	5	2	19	16	13	12	25	1	1	1	1	4	6	6	9	4	4	4	1	4	4	1
0	2	11	5	10	10	4	3	8	7	2	15	18	13	11	26	1	1	1	1	1	15	5	8	5	1	1	1	5	1	1
0	2	9	3	7	8	5	6	5	3	3	19	15	11	15	22	1	5	3	1	1	6	5	3	15	5	1	3	5	5	3
0	2	6	3	9	7	5	9	6	5	4	22	12	11	18	19	1	1	1	4	6	4	4	8	1	6	8	1	4	3	3
0	1	9	3	7	8	5	6	3	5	4	17	16	14	11	26	1	1	1	1	5	8	3	8	5	6	1	1	6	1	8
0	2	8	3	7	6	5	9	4	3	3	15	14	12	16	21	1	4	1	1	6	1	4	4	6	4	4	1	4	4	4
0	2	8	3	6	10	3	4	6	8	2	13	16	11	14	23	1	1	3	1	1	3	6	3	3	1	1	1	6	1	8
0	2	10	2	13	13	2	3	3	8	2	10	17	13	10	27	1	3	1	1	1	13	18	21	6	1	3	1	1	1	3
0	4	6	4	8	5	6	9	7	5	3	22	13	9	19	18	1	3	3	3	4	3	1	4	6	1	3	4	7	4	6
0	2	7	5	6	7	4	5	4	5	4	16	15	10	16	21	1	1	1	1	3	3	3	4	3	1	3	1	4	3	6
0	2	7	3	9	7	2	7	5	5	2	15	16	12	13	24	2	2	2	1	2	9	8	2	2	3	3	1	2	1	3
0	1	6	4	7	8	4	8	6	2	3	23	16	8	17	20	1	1	1	1	1	10	8	1	5	5	1	1	3	3	1
0	1	12	3	9	10	3	6	3	8	3	10	18	13	10	27	1	1	1	1	1	22	11	3	6	3	1	1	3	1	11
0	2	10	2	10	9	2	6	6	7	2	10	17	13	12	25	1	1	4	1	1	9	7	7	1	1	1	1	1	1	12
0	2	7	3	8	8	4	11	5	4	1	24	14	10	18	19	1	2	3	1	1	2	2	11	4	3	4	1	8	2	5
0	2	9	3	9	7	3	5	6	6	2	14	16	10	15	22	1	1	4	1	1	7	10	7	1	4	4	1	1	1	4
0	3	7	2	9	5	3	11	12	6	2	26	7	15	20	17	1	1	1	10	1	1	7	7	1	1	4	1	4	4	1
0	1	7	2	9	9	3	7	3	4	1	19	13	11	17	20	1	1	1	1	1	5	12	9	1	5	1	1	1	1	9
0	3	13	5	8	6	3	5	5	7	1	13	12	14	15	22	1	1	1	1	9	9	13	5	1	1	1	1	5	5	1
0	3	8	3	9	9	3	6	6	5	1	14	16	13	12	25	1	5	1	5	1	1	5	5	5	1	1	1	5	5	9
0	6	5	4	7	5	4	10	7	7	3	19	13	6	22	15	1	1	5	1	1	1	1	5	1	1	1	1	1	5	5
0	2	7	7	8	9	4	6	7	8	3	16	18	13	10	27	1	1	1	1	1	6	1	6	1	1	1	1	6	1	6
0	4	8	4	7	6	4	4	6	8	2	13	16	11	13	24	1	1	3	3	1	1	8	1	1	6	3	6	3	8	3
0	2	10	4	12	11	2	5	6	4	1	15	17	11	13	24	1	1	1	1	4	26	9	9	4	1	1	1	1	1	6
0	10	6	3	6	11	6	9	2	5	1	16	15	9	17	20	8	1	1	15	1	1	1	1	1	1	1	1	9	9	1
0	7	7	5	10	4	4	8	4	6	3	17	10	7	23	14	9	5	5	5	1	5	5	1	1	1	5	1	1	1	5
0	13	7	3	4	14	2	2	3	2	4	9	19	12	10	27	11	1	1	1	1	9	1	9	1	1	1	1	1	1	1
0	2	8	2	10	12	2	4	5	11	2	10	16	13	12	25	1	1	1	1	1	7	4	11	4	1	1	1	4	1	1
0	2	2	2	4	3	4	11	14	5	6	34	8	2	31	6	1	1	1	4	1	1	4	4	1	1	1	1	4	4	1
0	3	7	5	8	6	6	5	5	5	3	14	16	11	14	23	1	5	5	1	1	5	12	9	9	5	1	1	12	1	5
0	2	6	4	9	5	4	7	7	4	3	20	12	12	16	21	1	1	1	6	1	6	6	6	6	1	1	1	6	1	1
0	1	9	3	9	10	5	6	5	3	2	18	16	12	12	25	1	1	1	1	1	11	11	1	8	1	1	1	4	1	1
0	1	3	3	7	9	5	11	9	3	2	33	12	5	24	13	1	1	1	1	4	7	1	1	4	7	4	1	4	7	1
0	1	4	1	14	8	2	6	3	6	2	13	9	4	28	9	1	1	1	1	1	1	5	5	5	1	1	1	1	1	5
0	3	9	3	9	7	2	5	5	8	2	15	15	12	14	23	1	4	4	4	1	7	9	9	1	1	1	1	1	1	9
0	2	4	3	7	5	2	9	4	9	3	11	11	5	26	11	4	1	1	1	1	4	4	4	4	1	1	1	1	1	1
0	3	11	4	6	10	5	6	5	6	2	15	18	16	6	31	4	1	1	1	1	11	8	1	8	1	4	1	1	1	4
0	4	6	6	5	7	5	8	5	6	2	20	16	9	16	21	1	1	1	6	16	6	6	6	1	6	1	11	6	6	6
0	4	7	4	4	4	5	6	4	10	3	12	14	11	16	21	3	6	1	1	4	4	1	1	7	4	4	1	3	3	7
0	8	9	2	7	10	4	6	3	4	3	8	16	10	14	23	1	12	1	1	1	12	1	12	7	7	1	7	1	1	7
0	1	4	2	5	3	3	11	13	6	4	36	7	4	31	6	1	1	1	1	6	1	10	1	1	1	1	1	1	6	1
0	2	6	4	9	10	3	9	4	7	3	14	16	9	16	21	1	1	1	5	3	5	1	3	9	1	3	1	5	1	7
0	3	4	2	6	6	6	9	9	6	3	31	10	7	24	13	1	1	1	6	1	3	6	4	1	3	1	3	1	3	1
0	1	7	2	7	9	5	8	8	3	2	17	16	10	14	23	1	1	1	1	1	1	5	5	5	5	5	1	5	1	5
0	5	6	3	7	7	4	7	4	7	4	15	13	11	17	20	1	1	1	1	1	7	7	1	1	4	4	4	4	4	1
0	2	8	4	7	9	6	7	5	5	4	18	15	10	16	21	1	1	1	1	1	8	2	7	5	2	2	1	5	5	1
0	3	14	2	6	7	4	5	5	9	4	9	14	15	11	26	1	1	1	6	1	1	6	6	6	11	1	1	6	1	11
0	3	8	4	7	8	6	6	2	4	2	20	14	12	15	22	1	1	4	4	4	1	4	4	7	1	1	4	7	7	7
0	5	6	4	8	12	4	11	6	5	2	19	17	9	15	22	1	1	1	1	1	5	9	5	1	1	1	1	1	1	1
0	13	3	3	5	2	6	13	3	3	3	23	16	3	22	15	7	13	7	16	1	1	1	7	1	1	13	7	1	1	1
0	1	3	3	9	6	6	8	4	6	2	28	10	3	28	9	1	1	1	1	1	1	1	18	7	7	1	1	12	7	1
0	4	6	4	7	6	6	7	7	3	3	19	14	10	17	20	1	2	4	1	7	4	2	1	4	2	5	4	5	2	1
0	3	10	3	8	8	4	5	5	5	3	18	14	12	16	21	4	3	1	1	3	7	9	7	4	3	3	3	9	1	4
0	2	6	5	6	7	5	7	5	4	2	15	17	8	16	21	1	3	1	1	6	3	3	3	8	1	3	1	6	3	4
0	3	6	4	7	5	7	7	6	5	4	23	12	10	19	18	1	1	2	2	2	5	6	6	6	3	4	1	6	9	4
0	2	6	4	7	8	3	7	6	3	4	17	14	12	15	22	3	1	1	3	3	5	3	1	3	3	5	1	1	3	5
0	3	8	3	8	7	3	9	7	6	2	18	15	12	15	22	1	3	1	3	1	3	3	1	5	1	3	3	1	1	5
0	4	6	3	8	6	5	8	6	6	2	18	12	11	19	18	1	1	3	3	3	1	7	3	3	3	3	5	3	3	1
0	3	6	4	7	7	3	9	5	6	2	18	13	8	20	17	1	1	1	3	1	3	1	3	3	3	3	1	5	1	1
0	3	8	4	9	8	4	9	4	6	3	16	14	11	16	21	1	1	1	3	3	3	12	3	6	3	3	1	8	1	6
0	4	9	3	6	11	7	10	5	5	1	20	18	11	12	25	1	3	3	6	1	8	4	7	6	3	6	1	4	3	1
0	2	7	4	6	7	5	7	6	7	2	21	15	9	17	20	1	1	1	1	1	1	1	3	6	1	3	1	3	1	8
0	9	7	5	6	7	4	6	4	5	2	18	14	11	16	21	6	3	3	8	6	1	1	3	1	1	1	11	3	3	3
0	2	9	4	7	6	7	8	4	4	2	16	15	11	15	22	1	1	1	1	1	4	6	1	6	4	6	1	9	4	4
0	4	5	1	7	1	10	13	9	3	2	32	1	7	33	4	1	4	7	1	1	1	4	1	9	7	4	9	9	4	1
0	2	10	6	7	7	4	8	6	5	4	16	16	12	13	24	1	4	1	1	10	1	4	7	7	4	4	1	4	7	10
0	3	9	5	6	8	5	7	5	5	2	13	16	14	11	26	1	7	1	1	7	7	10	7	15	4	1	1	1	7	1
0	2	7	3	6	11	5	7	3	7	2	15	16	12	13	24	1	1	1	4	1	4	10	1	7	1	10	1	4	1	1
0	4	6	2	9	4	3	12	10	6	3	24	6	14	21	16	1	1	1	10	1	1	10	13	4	1	4	1	1	1	1
0	4	4	2	9	10	4	13	11	6	2	26	12	7	21	16	1	1	1	7	4	1	4	4	1	1	4	1	1	4	1
0	3	5	2	8	6	6	7	7	6	2	19	9	8	24	13	1	7	1	4	1	4	1	4	4	1	4	1	7	1	4
0	3	7	3	8	7	4	8	6	5	3	17	15	10	16	21	1	3	2	3	2	4	6	5	5	2	2	1	6	1	5
0	2	8	2	12	10	4	9	3	3	1	18	14	11	16	21	1	1	1	4	1	4	11	4	4	1	4	1	1	4	4
0	3	11	5	7	7	4	6	6	2	3	15	15	14	12	25	1	1	1	1	4	8	8	8	4	1	4	1	4	8	4
0	2	4	2	6	7	3	12	6	2	5	27	10	7	24	13	4	1	1	1	1	1	1	8	1	1	1	1	1	1	1
0	3	5	5	2	6	6	5	4	6	3	13	14	13	15	22	1	1	1	1	1	1	1	1	5	8	5	1	5	1	1
0	3	6	2	4	8	7	8	9	2	5	25	13	8	21	16	1	5	1	1	1	1	1	5	1	9	1	1	1	5	5
0	5	9	3	7	6	3	8	8	8	2	19	10	15	16	21	1	1	1	1	1	1	13	1	1	1	5	1	1	1	1
0	4	7	5	6	5	5	9	3	5	4	20	13	12	16	21	1	1	1	1	14	5	1	1	1	9	1	5	9	9	5
0	4	5	4	8	6	4	9	6	6	2	17	16	7	17	20	1	5	1	5	1	5	1	1	5	1	1	1	1	5	10
0	1	6	3	6	9	4	7	7	5	3	21	15	10	17	20	1	1	1	1	1	8	10	3	1	1	1	1	10	3	3
0	3	11	2	7	8	5	2	5	6	1	10	14	16	11	26	1	1	1	6	1	6	6	1	1	1	6	1	1	1	1
0	3	9	4	6	6	5	11	5	5	3	18	15	11	15	22	3	1	1	1	1	4	4	3	11	1	1	1	9	1	6
0	1	4	2	5	3	5	11	14	6	4	37	6	5	30	7	1	1	1	1	1	1	6	1	1	1	1	1	1	6	1
0	4	6	6	5	4	5	6	5	6	4	12	14	7	20	17	3	3	1	1	8	6	1	1	8	5	3	1	5	1	3
0	1	4	4	10	8	2	10	7	6	3	25	14	8	19	18	1	1	1	1	4	1	8	4	1	1	1	1	4	1	1
0	2	9	3	7	7	4	6	5	5	4	18	14	12	15	22	1	1	3	1	1	9	4	3	3	3	3	1	3	6	6
0	5	6	3	7	6	4	6	4	4	7	14	13	9	19	18	1	1	1	1	5	5	1	5	1	1	1	1	5	5	1
0	1	5	3	6	8	4	7	8	7	3	21	13	9	19	18	1	1	1	1	3	1	3	5	3	1	3	1	5	1	1
0	12	6	3	5	9	3	5	6	1	3	16	18	8	15	22	11	9	1	1	1	1	1	9	9	1	1	1	1	1	1
0	2	8	4	9	7	3	7	6	6	1	14	16	12	13	24	1	1	1	4	1	1	9	9	4	1	4	1	1	4	4
0	3	7	3	7	8	3	7	5	6	3	14	14	11	16	21	1	1	3	1	3	1	8	1	1	1	1	1	5	5	3
0	8	4	6	3	5	8	8	6	2	4	27	13	5	23	14	1	1	7	7	7	1	1	7	1	1	1	12	1	1	7
0	4	10	3	6	7	4	7	7	4	3	17	13	12	16	21	1	8	1	1	1	8	8	1	1	1	4	1	8	1	1
0	3	9	3	9	8	6	7	5	2	2	19	14	13	14	23	3	1	1	1	3	8	6	8	8	6	1	1	6	8	6
0	1	9	2	5	5	5	4	10	5	6	22	9	14	18	19	1	1	1	1	1	1	5	1	5	10	1	1	1	1	5
0	3	8	3	7	8	4	3	4	7	4	11	15	14	12	25	1	6	1	1	1	4	1	4	1	1	4	1	4	1	6
0	3	13	7	8	7	5	6	6	7	1	16	14	13	14	23	1	1	1	1	1	1	8	1	8	1	1	1	1	1	1
0	1	8	5	8	8	3	6	3	6	4	10	16	13	13	24	1	1	1	1	4	4	8	8	1	4	1	1	1	1	4
0	3	10	1	13	14	3	3	4	8	1	9	19	13	9	28	1	5	1	5	1	5	5	26	8	1	1	1	5	1	5
0	3	13	3	10	9	5	4	5	10	2	12	16	12	13	24	1	1	4	1	1	8	8	1	4	4	1	1	8	1	4
0	5	5	3	10	8	6	10	6	8	3	24	12	6	24	13	1	1	1	6	1	1	1	17	1	1	9	1	1	1	1
0	1	9	2	6	5	5	10	6	6	2	23	9	12	19	18	1	1	1	1	1	1	10	5	1	1	1	1	1	14	1
0	3	10	4	9	9	4	5	5	7	2	12	15	11	14	23	4	1	1	1	1	7	13	13	4	1	1	1	10	1	4
0	2	7	5	6	6	6	6	6	6	4	18	15	11	15	22	1	2	2	1	2	7	2	2	4	2	4	1	4	2	4
0	4	8	3	10	9	4	4	7	4	3	15	15	10	16	21	6	1	1	1	1	6	1	6	6	1	1	1	1	1	1
0	13	4	7	5	4	4	12	3	2	4	24	15	7	19	18	1	10	1	10	10	1	1	18	1	1	10	10	1	1	1
0	5	6	4	7	4	5	8	6	6	3	19	14	8	20	17	1	4	1	7	1	1	7	1	1	1	7	1	1	7	4
0	4	9	3	8	9	5	2	6	5	3	12	14	12	15	22	1	1	4	1	1	7	11	4	1	4	1	4	7	1	1
0	2	9	4	9	10	5	6	4	7	1	14	16	11	14	23	1	4	4	1	1	11	4	7	7	1	1	1	4	1	4
0	3	10	3	7	8	4	6	7	6	2	16	13	11	17	20	1	1	1	1	1	8	8	10	5	3	3	1	3	1	3
0	5	8	3	8	6	5	8	4	6	2	16	12	10	19	18	1	8	1	5	1	5	8	1	8	3	5	3	3	3	3
0	1	5	2	4	2	2	9	13	6	4	34	8	4	30	7	1	1	1	1	1	1	11	1	1	1	1	1	1	6	1
0	2	11	4	7	7	2	6	3	7	3	12	16	15	10	27	1	1	1	7	14	1	20	1	7	7	1	1	1	1	7
0	2	7	3	7	8	5	7	6	6	3	19	15	8	18	19	1	1	1	1	3	5	3	3	13	3	5	1	3	5	7
0	3	5	3	5	9	3	4	8	6	3	18	15	9	17	20	1	3	1	1	1	3	1	8	1	6	1	1	1	1	1
0	1	11	1	14	12	2	4	3	8	1	4	17	14	9	28	1	1	1	1	1	17	13	9	1	1	1	1	1	1	5
0	2	10	4	7	9	5	9	3	5	1	16	17	13	11	26	1	1	1	4	1	7	4	9	9	1	4	1	7	7	9
0	3	8	4	7	7	4	7	6	5	3	17	14	9	18	19	1	1	2	1	2	5	8	8	8	5	4	1	2	1	2
0	2	8	4	5	6	5	9	7	7	4	25	12	10	19	18	1	1	1	1	1	6	4	4	4	4	3	1	6	4	1
0	3	7	3	6	6	6	7	7	6	3	18	13	11	18	19	3	1	3	1	1	3	3	8	3	8	6	1	8	4	4
0	2	7	2	6	8	5	8	5	5	4	19	14	10	17	20	1	1	1	1	1	12	3	5	5	3	1	1	3	12	3
0	2	10	4	9	8	4	7	4	3	3	17	16	13	12	25	1	1	1	3	1	3	5	6	6	5	3	3	3	5	5
0	2	8	4	9	8	3	6	3	6	3	13	16	14	11	26	1	5	1	1	1	3	9	9	3	3	1	1	3	1	1
0	2	6	4	8	6	4	8	5	4	3	19	14	11	16	21	1	1	1	1	3	1	5	5	3	7	3	1	5	1	3
0	2	10	3	8	8	4	5	4	5	3	15	14	13	14	23	1	1	3	1	1	14	14	3	1	1	1	1	7	3	3
0	3	9	4	7	8	5	6	5	3	2	16	16	11	14	23	1	3	1	3	3	14	10	8	8	3	1	1	5	1	1
0	3	8	4	7	5	6	4	6	5	2	13	16	12	14	23	1	3	3	1	3	3	10	6	3	3	3	1	10	1	1
0	2	9	4	8	8	4	5	5	3	4	18	15	11	15	22	1	6	1	1	4	9	11	6	1	1	6	1	6	1	1
0	2	8	5	7	8	5	5	5	3	4	16	15	13	13	24	1	4	1	1	6	6	9	6	1	1	6	1	6	6	4
0	2	7	4	8	6	6	6	5	6	3	15	15	12	14	23	1	2	1	1	2	4	5	4	6	1	5	1	4	1	6
0	3	7	3	6	6	4	5	6	8	2	16	13	10	18	19	1	1	1	1	4	10	7	1	7	1	1	1	4	1	4
0	2	8	4	7	7	5	8	5	7	3	14	15	10	16	21	2	3	1	1	2	4	6	6	5	2	7	1	4	2	6
0	2	8	4	8	6	6	4	5	6	4	16	15	12	14	23	1	1	2	1	5	2	7	5	5	4	5	1	5	1	4
0	2	9	3	5	6	5	6	5	7	4	18	12	12	16	21	1	2	2	1	2	5	2	1	2	1	4	1	5	2	4
0	1	8	5	5	10	4	6	6	6	2	20	16	13	12	25	1	1	1	1	7	13	4	10	7	7	4	1	1	4	4
0	2	7	4	6	9	5	5	5	6	4	19	14	11	16	21	1	1	3	1	1	6	3	4	1	1	4	1	9	3	3
0	2	9	5	5	6	3	4	3	6	4	13	17	12	12	25	1	1	1	1	4	6	3	1	1	1	4	1	6	4	9
0	1	5	3	7	8	7	9	7	4	3	24	13	8	19	18	1	1	1	1	2	7	3	3	3	4	3	1	6	5	4
0	3	9	4	7	9	5	6	5	5	2	16	16	12	13	24	1	3	1	1	4	10	5	5	6	1	2	2	5	5	4
0	2	6	3	7	6	4	7	7	4	5	20	12	8	21	16	1	1	1	1	1	3	6	6	6	1	1	1	6	1	3
0	5	9	3	10	9	3	6	6	3	4	14	14	14	13	24	1	4	1	4	1	14	7	7	1	1	1	4	1	1	1
0	3	6	3	5	6	5	5	5	3	3	16	15	9	17	20	1	3	1	3	6	4	1	3	6	1	3	3	1	3	9
0	2	6	4	6	6	5	8	6	6	3	22	14	9	19	18	1	3	3	1	1	3	1	3	3	2	3	2	4	2	3
0	1	16	2	9	9	2	6	6	10	1	7	16	14	10	27	1	1	1	1	1	15	23	5	1	1	1	1	5	1	12
0	3	11	2	2	15	4	8	11	6	1	24	20	15	6	31	1	1	1	5	5	27	1	5	5	5	5	1	5	5	1
0	2	9	4	7	6	4	6	6	6	2	13	15	13	12	25	1	3	1	3	3	1	3	1	8	1	1	1	3	3	6
0	3	10	4	8	7	5	5	5	4	3	16	15	12	14	23	1	7	1	1	3	3	12	7	5	3	5	5	5	1	5
0	2	8	4	7	9	5	8	6	3	2	21	15	10	16	21	1	3	1	1	1	8	5	5	8	2	2	1	9	2	3
0	2	7	3	6	7	3	6	5	3	3	18	14	11	16	21	1	1	1	3	3	5	5	3	1	7	5	1	1	1	3
0	2	9	3	6	8	4	7	5	6	2	15	14	13	14	23	1	2	2	2	2	11	4	2	5	2	3	1	5	4	3
0	3	7	3	8	8	3	7	6	5	2	16	15	10	16	21	1	4	2	1	2	8	5	5	4	4	4	1	5	1	1
0	3	7	3	8	5	5	7	6	7	2	17	11	11	19	18	1	1	1	3	1	1	5	3	1	5	3	3	5	1	1
0	2	9	3	8	8	5	9	5	6	2	14	13	11	16	21	1	1	1	1	1	9	3	5	3	5	3	1	3	3	5
0	4	9	3	9	9	4	6	4	5	3	18	16	12	13	24	1	4	2	4	1	8	7	7	4	1	4	1	7	2	8
0	2	5	2	5	4	8	6	4	6	5	24	9	11	21	16	1	5	3	1	1	1	3	3	1	5	1	1	5	5	3
0	2	7	3	6	6	4	4	7	8	2	15	16	9	16	21	1	1	1	1	1	1	3	6	3	3	6	1	1	3	3
0	3	9	4	5	8	4	6	5	8	2	14	15	11	15	22	1	1	1	3	3	10	6	3	3	1	8	1	6	1	6
0	2	5	2	5	4	8	6	6	6	5	24	9	11	21	16	1	6	1	1	1	1	3	3	1	6	3	1	10	3	3
0	3	7	2	7	7	7	3	5	7	1	12	14	13	14	23	1	1	1	1	1	10	6	6	6	10	10	1	6	1	6
0	4	14	2	4	5	3	9	2	6	3	11	15	18	8	29	6	6	1	1	6	1	1	1	6	1	1	1	1	6	16
0	3	11	3	7	8	4	7	5	5	3	16	14	13	14	23	1	4	1	4	1	6	6	1	1	1	1	3	8	1	3
0	2	6	3	6	4	4	6	5	9	3	12	14	11	16	21	1	4	1	1	1	1	6	1	1	4	1	1	1	1	4
0	2	6	3	8	10	6	5	10	9	2	21	15	10	16	21	1	1	1	1	1	1	1	1	1	1	1	1	6	6	1
0	2	8	2	5	7	5	7	8	11	2	18	15	11	15	22	1	1	1	1	1	1	6	1	1	1	6	1	6	1	1
0	2	10	4	8	9	4	6	5	4	3	18	16	13	12	25	1	2	1	2	2	8	12	9	4	2	2	1	5	2	4
0	2	6	4	7	6	4	6	4	7	4	14	14	9	18	19	1	1	3	1	3	1	1	3	3	1	3	1	3	6	3
0	3	8	3	11	7	5	5	5	6	1	16	13	10	18	19	1	4	1	1	1	9	4	4	4	1	12	1	4	1	6
0	2	7	4	5	6	5	5	8	6	3	17	14	9	18	19	1	2	1	1	2	4	4	2	4	2	2	1	5	8	2
0	3	7	3	8	10	4	6	6	7	2	17	15	10	16	21	2	1	2	2	1	7	4	7	2	2	4	2	4	7	2
0	2	7	4	5	6	5	5	4	9	2	11	14	11	16	21	1	4	1	1	7	4	1	1	4	7	1	1	4	4	7
0	2	5	3	7	5	4	8	7	4	3	22	12	9	20	17	3	1	1	3	1	7	1	5	3	3	5	1	1	3	1
0	2	10	3	9	10	3	10	6	5	2	18	14	11	16	21	4	4	1	1	1	16	4	10	7	1	1	1	1	4	1
0	2	9	5	8	6	5	4	6	4	4	16	15	12	15	22	1	1	1	1	5	3	7	1	3	3	7	1	3	1	3
0	3	7	3	6	7	4	6	4	5	3	17	12	10	19	18	1	1	1	3	3	3	3	3	1	5	5	1	3	1	1
0	1	11	3	8	10	3	5	5	6	3	13	17	15	10	27	1	2	2	1	2	10	14	9	2	1	2	1	4	2	2
0	1	10	5	10	8	2	5	5	6	2	10	19	11	11	26	1	1	1	1	4	11	8	14	4	1	1	1	1	1	4
0	2	6	1	6	9	6	4	6	7	2	13	11	12	19	18	1	1	1	1	1	20	8	8	1	14	1	1	1	1	1
0	3	8	4	8	8	6	5	4	8	2	14	15	10	15	22	1	1	4	1	1	4	8	1	4	1	8	1	4	4	4
0	3	4	3	7	6	5	10	8	8	2	23	11	7	23	14	1	4	4	4	4	1	4	4	1	4	4	4	4	4	4
0	2	8	3	9	11	3	6	5	8	3	13	17	9	15	22	1	1	1	2	2	7	8	5	4	1	2	1	4	2	4
0	2	9	3	9	8	6	7	5	4	2	18	17	10	14	23	1	1	1	3	3	5	8	5	8	1	5	1	8	8	8
0	2	7	3	8	7	6	8	4	5	3	16	12	9	20	17	1	1	1	1	1	4	9	9	11	4	1	1	11	4	1
0	3	6	4	7	5	5	11	3	2	2	18	11	10	20	17	1	4	6	1	1	4	1	1	6	1	6	1	4	12	1
0	2	10	4	6	6	6	7	9	4	2	20	16	13	13	24	1	1	1	1	1	11	3	3	3	3	5	1	7	3	9
0	3	7	5	7	5	5	8	3	7	2	14	14	9	17	20	1	9	1	1	7	4	7	7	9	1	7	1	4	1	1
0	3	10	4	6	10	5	6	5	5	3	14	16	13	13	24	1	1	1	1	7	7	9	12	7	1	4	1	9	4	1
0	3	6	4	7	8	4	11	7	7	2	20	13	9	19	18	1	1	1	3	1	5	3	7	5	1	1	3	5	1	3
0	6	5	4	8	7	4	7	7	5	3	17	15	7	19	18	1	5	5	1	1	10	1	5	1	5	5	1	1	10	1
0	2	9	4	8	9	3	6	6	5	2	14	15	12	14	23	1	1	1	1	4	16	7	16	7	4	4	1	4	1	4
0	2	4	5	6	3	4	5	7	8	4	18	11	9	21	16	1	3	1	1	3	3	3	1	1	1	3	3	1	3	1
0	4	4	3	9	8	2	11	11	6	3	23	11	9	21	16	1	4	1	7	1	1	4	13	1	1	1	1	1	1	1
0	3	7	3	10	7	3	4	4	4	3	16	13	9	19	18	1	1	1	1	7	1	10	7	1	4	1	1	1	1	4
0	2	12	3	5	8	5	5	5	7	2	15	18	19	5	32	4	1	1	1	4	13	1	1	4	1	4	1	1	4	4
0	1	9	3	5	8	7	8	5	8	2	16	14	11	16	21	1	1	1	1	1	11	1	1	1	11	1	1	17	1	1
0	2	7	4	6	5	4	7	5	6	2	15	15	12	15	22	1	1	1	1	4	4	8	1	1	4	8	1	4	4	4
0	1	7	2	7	8	2	9	10	6	4	26	12	11	18	19	1	1	1	1	3	3	1	7	1	3	7	1	1	1	1
0	3	9	3	6	9	2	8	6	7	3	15	17	13	11	26	1	1	4	1	6	6	4	6	1	1	4	1	4	1	11
0	2	10	4	6	6	3	7	4	6	4	12	14	12	15	22	1	3	1	1	3	6	3	6	1	1	1	1	6	1	8
0	2	9	6	10	9	3	5	7	8	2	11	15	12	14	23	1	1	1	1	1	12	12	6	1	1	1	1	1	1	1
0	3	7	4	9	7	4	8	4	3	2	15	16	12	14	23	1	4	4	4	7	4	1	10	4	4	1	1	4	1	7
0	1	3	4	7	7	4	7	6	8	2	22	13	5	24	13	1	1	1	1	1	1	1	18	1	1	1	1	1	1	1
0	2	5	2	4	2	5	16	11	8	4	37	6	6	30	7	1	1	1	6	1	1	1	1	1	6	6	1	1	1	6
0	3	6	5	6	8	5	6	4	5	3	17	15	10	16	21	1	4	1	4	4	8	1	11	1	4	4	1	1	1	1
0	2	5	3	5	3	5	7	9	6	5	27	9	8	24	13	1	1	1	1	6	1	1	1	1	1	6	1	1	1	1
0	3	10	4	10	7	4	4	6	5	3	15	14	11	16	21	1	1	4	1	1	10	10	4	1	1	1	1	1	7	4
0	3	4	3	5	4	3	14	8	6	3	29	7	7	27	10	4	4	1	4	4	1	1	1	4	1	1	1	1	1	4
0	2	8	3	6	9	5	4	5	5	3	16	16	11	14	23	1	1	1	1	1	4	4	14	1	1	1	1	4	4	4
0	3	6	2	4	1	4	16	10	8	4	35	4	8	29	8	1	1	1	11	1	1	1	1	1	1	6	1	1	1	6
0	2	12	3	10	8	5	6	8	6	2	19	13	12	15	22	1	1	1	1	1	9	5	5	5	5	5	5	5	1	9
0	3	12	8	8	5	3	4	7	3	2	12	16	17	8	29	1	1	1	8	1	1	8	8	1	1	1	1	1	1	8
0	2	5	4	8	4	3	2	4	9	5	6	15	10	16	21	1	1	1	1	1	1	1	1	1	1	1	1	8	1	1
0	3	7	5	10	8	4	9	4	6	1	16	13	8	20	17	1	9	1	1	1	5	9	9	9	5	1	1	1	9	1
0	2	6	3	5	3	5	8	7	8	3	22	7	11	22	15	1	1	2	2	2	1	4	1	3	4	7	2	5	5	1
0	2	6	6	4	3	5	5	3	7	4	13	15	10	16	21	1	1	1	1	1	1	1	1	5	4	1	4	6	4	8
0	2	8	5	6	7	5	6	6	5	4	17	15	12	14	23	1	1	2	2	1	7	2	5	4	2	1	2	2	1	2
0	1	5	4	5	5	3	8	7	8	4	18	12	9	19	18	1	1	1	3	4	3	6	1	4	1	3	1	4	1	1
0	2	7	2	5	8	4	7	5	4	4	18	14	10	17	20	1	1	1	1	1	14	1	1	3	1	3	1	3	5	5
0	2	8	4	5	7	4	7	5	6	2	15	14	12	15	22	1	3	1	1	1	1	7	3	3	1	1	1	3	7	3
0	3	8	3	8	9	4	7	6	8	1	15	15	11	15	22	1	1	1	3	1	5	5	5	1	5	3	1	3	3	1
0	3	10	3	9	10	3	6	6	7	1	13	16	13	12	25	1	1	1	1	1	8	8	5	1	8	1	1	3	3	3
0	2	8	3	9	8	4	5	4	6	3	13	14	11	16	21	1	1	1	1	1	17	8	6	1	6	6	1	1	3	8
0	3	9	3	6	7	3	8	5	5	2	14	15	12	14	23	1	3	1	6	1	8	3	1	6	1	3	1	3	1	1
0	3	7	4	6	9	5	10	5	5	2	20	15	10	15	22	3	3	1	6	1	1	3	3	6	1	3	1	6	3	1
0	2	10	4	6	8	4	4	4	5	1	14	15	16	10	27	1	1	1	1	3	1	1	6	3	3	1	1	8	1	6
0	2	9	4	7	5	6	7	4	6	2	16	14	12	15	22	1	3	1	1	3	6	8	1	6	1	8	3	3	1	1
0	3	8	4	9	8	3	4	5	6	2	13	17	12	12	25	1	1	3	1	3	6	3	3	3	1	1	1	3	3	3
0	3	8	4	7	7	4	5	6	7	2	13	15	10	16	21	1	1	1	1	1	9	6	4	1	4	6	1	6	1	6
0	3	8	3	8	7	5	7	4	6	2	15	12	13	16	21	1	4	1	4	4	9	6	6	1	1	4	1	6	4	1
0	3	8	5	6	6	4	8	4	7	2	13	13	10	18	19	4	4	1	4	1	1	1	1	4	1	7	4	7	4	7
0	2	7	6	7	6	5	5	5	9	2	14	15	8	17	20	1	4	1	1	1	4	4	1	9	1	1	1	12	4	4
0	3	10	4	4	4	3	7	5	5	5	16	15	14	12	25	1	4	1	1	1	4	4	4	1	1	1	1	4	4	10
0	4	9	2	6	8	3	7	6	8	1	16	12	12	18	19	1	7	1	4	1	7	4	4	4	1	1	1	11	1	1
0	2	7	3	5	8	5	8	5	6	2	18	14	10	18	20	1	3	1	3	3	6	6	4	6	4	1	1	6	1	4
0	3	7	4	10	7	4	6	8	6	2	16	13	10	18	19	1	5	1	1	1	5	8	3	3	5	3	1	1	6	5
0	2	12	3	8	7	4	4	5	8	2	10	14	16	11	26	1	1	1	1	1	10	8	10	1	3	3	1	3	3	6
0	2	11	3	7	9	5	7	6	7	3	14	14	13	14	23	1	1	5	1	5	1	1	5	5	1	8	1	1	5	8
0	4	11	5	8	4	4	6	5	5	2	13	16	13	12	25	1	1	1	5	1	8	8	1	1	1	1	1	5	8	5
0	3	6	2	5	4	6	9	5	5	4	24	8	11	22	15	1	6	1	3	1	3	6	5	3	5	5	5	6	3	1
0	3	5	3	5	2	10	7	7	5	3	24	7	7	27	10	1	1	1	1	1	1	1	1	16	5	1	5	16	5	1
0	2	4	3	7	8	5	6	8	5	3	21	13	8	20	17	1	1	1	1	3	3	5	10	1	9	3	1	5	3	1
0	2	7	4	8	7	5	5	8	3	3	19	13	13	15	22	1	1	1	1	1	3	3	5	5	1	1	3	3	1	3
0	2	9	3	7	8	5	8	4	6	3	14	15	12	14	23	1	2	2	1	2	11	7	6	7	4	5	1	3	4	4
0	3	9	2	7	9	5	6	6	5	2	18	14	11	16	21	1	4	2	1	1	7	10	5	3	4	3	1	4	4	5
0	2	5	3	6	8	4	8	7	5	4	22	15	7	19	18	1	1	1	6	1	6	1	8	1	6	1	1	3	3	3
0	2	7	4	7	7	6	6	6	5	2	18	15	8	17	20	1	3	1	3	1	6	4	4	9	6	3	1	3	4	9
0	2	6	1	5	9	6	8	3	10	2	11	17	10	14	23	1	1	1	1	1	1	1	1	11	1	6	1	1	6	11
0	2	7	3	6	9	5	8	5	6	2	16	14	10	16	21	1	3	1	1	1	8	6	12	8	1	1	1	6	3	3
0	3	6	4	6	5	6	6	5	5	3	19	13	11	17	20	1	2	1	4	6	5	5	5	4	2	5	2	1	4	5
0	2	8	4	5	8	5	6	6	5	3	15	16	11	14	23	1	3	1	1	5	7	5	1	6	6	2	1	4	3	3
0	1	3	4	7	8	5	12	7	4	3	30	13	7	21	16	1	1	1	1	6	1	4	6	1	4	4	1	4	1	1
0	6	5	3	4	5	6	7	11	4	2	26	10	8	23	14	4	1	4	6	1	4	4	1	6	1	4	4	4	1	1
0	2	9	4	7	8	4	7	7	6	2	18	17	11	13	24	1	1	1	1	1	4	6	1	6	4	4	1	1	4	14
0	3	6	4	5	7	5	5	7	6	3	16	15	9	17	20	3	1	3	1	3	6	1	6	4	4	6	1	6	4	4
0	1	7	3	5	3	5	6	7	7	4	20	9	12	20	17	1	1	1	1	4	2	4	1	4	6	9	1	1	4	2
0	2	6	5	5	4	4	8	7	5	4	22	11	9	21	16	1	1	1	4	1	1	3	1	3	3	1	3	6	3	3
0	2	6	3	7	6	4	7	3	5	4	14	12	11	17	20	1	1	1	3	3	11	6	4	4	4	6	1	4	1	4
0	1	10	3	8	7	6	5	5	6	3	17	13	14	14	23	1	1	1	2	2	9	10	2	5	2	5	1	9	4	2
0	3	7	4	7	8	5	7	5	4	2	14	16	10	15	22	1	1	1	5	2	6	4	6	5	2	8	1	2	4	2
0	1	6	2	8	8	6	8	7	7	2	24	12	7	22	15	1	1	1	4	1	12	4	4	1	4	6	1	1	6	1
0	1	6	5	9	7	4	9	4	4	1	18	14	10	16	21	1	1	1	1	6	12	6	6	1	1	1	1	12	1	1
0	2	10	3	8	7	6	5	5	4	3	17	14	13	14	23	1	1	1	1	3	10	3	3	10	1	5	3	8	5	5
0	1	8	4	4	5	8	4	6	6	2	17	15	12	14	23	1	1	1	1	1	3	7	1	5	3	10	1	3	3	7
0	4	8	4	6	6	5	7	4	6	4	14	15	13	13	24	1	1	4	4	4	7	7	4	4	1	1	1	9	1	9
0	3	8	4	6	6	3	7	4	8	2	15	14	11	16	21	1	1	1	1	1	10	7	1	7	1	1	1	4	1	1
0	1	9	2	7	10	4	8	7	5	3	18	14	13	15	22	1	2	1	1	1	8	4	7	3	1	1	1	2	4	2
0	2	6	3	5	7	5	8	6	6	5	20	12	9	20	17	2	2	1	2	1	6	2	7	3	1	1	1	2	3	1
0	4	7	3	7	9	6	4	4	7	3	14	14	10	17	20	1	1	4	1	1	7	4	1	4	1	4	4	7	4	1
0	3	3	2	9	10	4	10	10	7	2	24	12	7	22	15	1	4	4	10	1	1	7	10	4	1	7	1	1	4	1
0	3	7	3	8	7	4	9	5	6	2	16	13	10	18	19	2	5	2	2	2	8	6	7	2	2	4	2	2	4	5
0	2	9	3	8	9	3	6	5	6	2	12	17	12	12	25	1	1	1	4	1	7	10	7	1	1	1	1	1	1	7
0	3	8	3	7	9	3	7	5	8	2	12	14	12	15	22	4	1	1	4	1	13	13	7	1	1	1	4	4	1	1
0	1	8	3	7	7	4	8	7	4	3	20	12	13	16	21	1	1	1	1	1	3	3	1	5	1	3	1	7	5	3
0	1	7	5	5	5	4	5	6	4	2	18	14	11	17	20	1	1	1	1	3	3	1	1	5	3	5	1	1	1	5
0	1	9	3	8	10	7	7	5	5	2	19	14	11	16	21	1	1	4	1	1	7	4	7	11	11	1	1	4	1	1
0	3	7	5	8	6	5	7	6	5	2	18	14	13	14	23	1	4	1	1	4	4	1	4	1	1	8	4	4	4	4
0	5	6	4	8	8	4	6	8	6	1	22	15	5	21	16	4	4	1	8	1	1	1	8	1	8	1	1	1	4	4
0	2	9	4	13	11	2	3	5	8	1	7	16	11	14	23	1	1	1	1	1	12	8	15	1	1	1	1	1	1	1
0	3	6	5	5	4	8	8	5	6	3	17	14	7	20	17	1	5	3	1	5	7	1	1	14	7	7	1	8	5	5
0	2	9	4	11	9	2	3	6	4	2	10	16	15	10	27	1	1	1	1	8	5	12	5	1	1	1	1	1	1	5
0	3	9	2	5	8	7	11	6	6	2	20	15	11	15	22	1	1	1	4	1	4	1	4	5	4	4	1	5	5	8
0	1	11	5	8	9	5	4	4	6	1	14	18	15	8	29	1	1	1	1	9	16	9	1	9	1	1	1	9	1	1
0	3	8	3	7	7	4	9	6	7	2	17	12	10	19	18	2	3	1	3	2	6	7	3	5	3	3	3	3	3	3
0	3	7	4	7	6	5	9	4	6	3	13	14	10	17	20	1	3	2	4	3	5	5	6	7	2	4	2	5	2	3
0	4	5	4	5	6	6	11	9	6	3	25	10	7	24	13	1	1	4	6	4	6	6	6	4	1	1	1	1	4	4
0	1	6	3	5	9	4	7	6	7	4	19	15	10	16	21	1	1	1	1	1	7	3	3	3	3	1	1	1	4	4
0	3	10	3	8	8	4	6	4	5	5	14	13	12	16	21	1	4	1	1	4	4	6	4	11	1	4	4	4	4	4
0	2	8	6	6	4	4	6	3	4	4	14	14	11	16	21	1	4	1	2	1	4	4	2	2	2	4	1	2	1	9
0	2	9	4	7	7	4	7	5	6	4	17	15	12	13	24	1	5	1	3	5	3	5	9	5	1	1	1	3	5	1
0	3	10	1	9	11	4	7	3	7	1	10	15	12	15	22	1	4	1	1	1	9	6	6	4	1	1	1	4	1	9
0	1	8	3	8	8	3	6	6	8	1	12	17	13	11	26	1	1	1	1	3	9	5	3	1	1	1	1	3	1	9
0	2	5	4	8	6	3	7	6	7	4	16	13	10	18	19	1	1	3	3	4	1	9	6	4	1	1	1	1	3	1
0	3	5	4	6	8	4	5	5	5	2	16	16	9	16	21	3	1	1	3	1	3	3	5	7	3	1	3	3	5	5
0	2	7	5	7	6	5	4	5	4	4	15	15	13	13	24	1	1	1	1	6	11	3	3	6	3	6	1	3	3	6
0	3	9	3	5	7	6	7	5	3	3	15	14	12	15	22	2	4	2	7	2	7	2	1	1	5	2	2	7	2	4
0	3	8	4	5	6	5	5	9	4	3	17	14	10	16	21	1	1	1	1	1	4	1	4	7	4	4	1	4	1	4
0	2	6	6	5	6	6	9	5	4	4	22	15	7	19	18	1	4	1	1	10	4	4	7	4	1	7	1	4	12	1
0	1	8	3	7	9	4	6	5	4	3	13	14	9	18	19	1	1	1	1	1	5	3	5	3	1	5	1	5	1	3
0	1	8	2	7	7	4	10	5	5	3	21	14	11	16	21	1	1	1	1	2	8	6	4	2	2	1	1	2	8	5
0	3	6	3	8	9	4	8	5	6	3	15	15	9	17	20	1	3	1	1	1	3	3	10	8	1	3	1	1	1	3
0	3	7	4	6	5	4	9	4	7	3	14	15	11	15	22	1	2	1	3	6	5	5	5	4	2	4	1	6	4	4
0	2	9	2	7	8	3	8	5	7	3	14	11	9	21	16	1	1	1	1	3	3	6	3	1	3	1	1	3	1	6
0	1	5	2	4	2	4	11	12	5	4	34	7	4	29	8	1	1	1	1	1	1	11	1	1	1	1	1	1	11	6
0	1	6	2	5	3	4	9	9	5	4	23	6	11	23	14	1	3	1	1	1	1	1	6	6	3	4	1	6	4	4
0	2	8	2	8	8	5	8	6	4	2	14	17	12	11	26	1	3	1	3	1	8	6	3	1	4	1	3	6	4	6
0	3	7	4	7	8	4	4	7	8	2	12	15	12	14	23	1	4	1	1	1	9	4	4	1	1	4	1	1	4	1
0	3	8	4	6	9	3	6	4	6	5	12	15	12	14	23	1	1	1	4	1	4	4	1	6	1	4	4	1	1	4
0	4	5	3	7	7	4	9	4	5	4	19	13	7	21	16	1	7	1	5	1	3	5	9	3	5	1	3	5	1	3
0	2	7	3	7	8	6	6	5	4	4	17	13	10	18	19	1	1	1	1	1	3	5	12	5	5	3	1	5	3	1
0	2	10	3	7	8	6	7	5	6	2	16	14	13	15	22	1	3	1	1	3	3	7	5	10	1	1	1	3	5	1
0	2	7	7	6	6	4	6	5	5	1	13	16	11	14	23	1	1	5	1	12	9	5	1	1	9	9	1	5	1	1
0	10	9	3	7	12	2	4	4	6	2	10	16	13	11	26	1	1	1	1	1	13	1	13	1	1	1	1	1	1	1
0	3	11	2	6	8	5	8	4	5	2	15	13	13	15	22	1	2	1	1	2	9	6	6	4	2	3	1	3	3	6
0	5	4	6	5	2	6	9	6	6	4	20	13	5	24	13	1	1	4	4	1	1	1	1	13	7	1	1	7	7	4
0	2	11	3	7	5	3	7	4	5	2	13	15	14	12	25	1	3	1	1	7	1	5	3	5	1	3	1	3	3	7
0	2	10	5	7	6	4	4	4	2	4	13	16	14	11	26	1	1	1	1	4	9	11	4	6	1	4	1	6	4	6
0	4	8	3	6	11	4	6	7	8	2	11	18	10	12	25	1	4	4	1	4	8	8	8	4	1	1	4	1	1	1
0	2	5	4	10	7	2	9	7	6	4	18	13	6	22	15	1	1	1	1	1	1	1	4	1	1	1	1	1	1	1
0	3	8	3	6	6	5	7	6	7	2	15	13	10	18	19	1	3	1	7	1	9	7	3	3	3	5	1	1	3	7
0	4	9	3	6	9	5	5	3	6	1	11	15	13	13	24	1	1	1	8	5	12	5	1	1	5	1	1	1	5	5
0	4	8	4	6	6	5	9	5	7	2	16	14	10	17	20	3	5	1	3	1	5	3	3	5	3	8	3	1	3	3
0	4	5	5	8	5	6	10	4	8	2	20	12	5	23	14	1	6	1	1	6	6	1	1	1	1	1	1	12	1	1
0	11	2	3	5	4	4	12	8	3	3	24	8	4	29	8	8	1	1	14	9	1	1	1	1	1	1	1	1	1	1
0	2	9	4	8	8	3	4	4	3	4	14	15	16	10	27	1	1	1	1	6	9	9	6	1	1	4	1	4	1	6
0	1	7	4	5	4	5	6	6	7	3	15	15	10	15	22	1	1	1	1	6	1	1	6	6	11	1	1	15	1	1
0	1	10	5	4	7	6	4	5	6	2	11	16	13	12	25	1	1	1	1	5	10	14	1	5	1	5	1	5	1	10
0	1	6	5	6	7	4	5	5	7	3	12	17	10	14	23	1	1	1	1	5	5	1	1	5	1	1	1	1	1	5
0	1	10	4	7	9	3	6	4	5	2	12	16	12	13	24	1	1	1	1	1	5	5	5	1	5	1	1	5	5	10
0	2	11	3	6	7	4	8	5	4	3	17	15	14	12	25	1	1	1	3	1	6	8	5	6	3	1	1	3	5	5
0	6	8	5	8	4	5	7	7	5	1	14	13	11	17	20	1	13	1	1	1	7	7	7	13	1	17	7	1	1	7
0	1	5	3	6	5	7	7	3	5	2	18	13	8	20	17	1	1	1	4	1	1	1	4	1	4	7	1	1	7	4
0	2	3	3	5	3	7	12	8	5	6	29	9	6	26	11	1	1	1	3	1	1	1	3	8	1	8	1	3	8	1
0	3	11	4	7	7	3	8	4	7	3	10	15	12	14	23	1	5	3	1	1	13	13	7	1	5	1	1	7	1	3
0	3	5	4	6	5	4	4	6	4	3	12	14	11	16	21	1	3	1	1	3	5	9	1	3	5	1	1	3	3	1
0	2	8	4	7	8	4	4	6	7	2	9	17	12	12	25	1	1	1	1	3	10	8	3	6	3	3	1	6	1	3
0	1	10	3	8	8	4	3	6	5	1	13	14	15	12	25	1	1	1	1	3	11	8	3	6	3	3	1	6	1	3
0	4	10	5	2	4	5	4	2	5	4	7	17	12	12	25	1	11	1	1	3	6	1	3	8	3	6	1	11	3	11
0	3	8	3	7	5	3	4	7	6	2	16	15	12	14	23	1	6	1	1	1	6	6	9	1	4	1	1	1	1	4
0	2	10	4	7	7	4	7	5	7	2	15	15	11	15	22	1	4	1	1	1	6	11	4	4	4	4	1	4	6	9
0	2	7	5	7	7	5	6	6	6	1	16	13	8	19	18	1	1	1	1	6	4	4	9	6	4	6	4	1	4	4
0	2	8	3	5	8	4	5	6	2	4	16	15	11	14	23	1	4	1	4	1	4	4	4	6	1	4	1	1	4	4
0	4	8	4	6	5	4	8	3	6	3	15	14	12	15	22	1	1	4	4	1	4	7	1	4	1	10	4	7	4	10
0	2	7	3	7	7	3	10	5	6	3	18	13	10	18	19	1	1	1	1	4	6	4	9	4	1	1	1	3	1	1
0	2	6	4	6	4	6	6	6	7	4	14	13	10	18	19	3	3	1	1	4	4	6	1	6	9	4	1	9	4	9
0	3	5	4	7	6	3	10	7	6	2	18	12	7	22	15	1	1	1	1	4	1	1	4	4	8	1	1	4	1	1
0	1	7	3	7	5	2	10	8	7	2	24	10	13	18	19	1	1	1	1	11	1	4	1	1	1	1	1	1	1	1
0	1	7	4	5	7	4	5	7	4	3	14	15	12	14	23	1	3	1	1	6	6	3	1	3	1	4	1	1	1	6
0	2	4	2	5	3	6	11	10	3	4	27	6	9	26	11	1	1	1	1	1	1	1	1	4	8	4	4	4	8	1
0	2	8	4	6	5	6	4	6	8	4	16	13	11	16	21	1	3	1	1	3	8	1	4	8	4	4	3	1	4	8
0	2	8	2	8	7	5	4	4	7	1	9	16	12	13	24	1	1	1	1	1	12	8	1	8	1	5	1	5	1	1
0	4	11	5	7	5	2	7	6	5	2	12	15	14	12	25	1	1	1	5	1	5	8	1	1	1	1	1	1	1	8
0	2	11	4	5	8	4	5	4	7	2	12	16	14	11	26	1	5	3	1	1	5	5	5	5	3	5	1	5	5	10
0	1	4	3	5	7	5	9	9	6	2	25	11	8	22	15	1	1	1	1	2	6	4	3	8	4	4	1	3	4	1
0	2	5	2	6	4	4	7	7	6	4	19	10	8	23	14	1	1	1	1	4	4	4	2	2	7	5	1	4	5	1
0	2	6	3	9	8	4	7	4	6	2	14	14	8	19	18	1	1	1	1	3	5	3	5	9	1	3	1	3	5	5
0	2	9	3	7	4	5	3	5	6	2	12	14	11	16	21	1	1	1	1	3	7	1	5	9	5	1	1	1	3	11
0	2	6	2	5	9	4	6	7	8	2	15	14	12	16	21	1	5	1	1	1	9	1	5	5	1	1	1	5	1	1
0	3	9	3	6	7	5	6	5	5	3	15	13	11	17	20	1	2	2	2	2	6	1	1	4	1	2	2	5	6	4
0	3	6	4	6	4	3	4	6	5	3	12	14	12	15	22	1	3	1	3	3	1	5	1	3	8	1	1	1	3	5
0	3	5	2	6	4	4	6	6	4	2	21	6	9	26	11	1	3	1	1	3	1	1	1	3	6	3	3	6	3	1
0	3	6	6	6	3	7	5	4	5	5	11	18	9	14	23	1	6	6	1	6	1	6	1	1	6	6	1	6	6	15
0	1	12	3	10	10	2	3	3	6	2	7	17	14	9	28	1	1	1	1	1	10	8	13	1	1	3	1	3	3	8
0	5	8	3	5	2	4	8	8	4	3	22	7	12	22	15	3	3	1	1	1	1	6	1	1	1	3	3	1	1	1
0	1	6	3	7	4	5	6	5	6	3	18	11	11	19	18	1	1	1	1	2	1	2	7	6	3	3	2	2	2	2
0	3	7	4	7	6	4	4	6	6	2	14	15	10	17	20	1	1	3	3	3	4	4	4	1	8	3	1	1	1	4
0	2	10	3	9	9	2	6	6	6	1	11	15	12	14	23	1	1	1	1	1	16	1	8	1	1	1	1	3	1	6
0	2	8	3	4	7	6	6	8	5	3	20	12	11	18	19	1	1	4	4	1	4	2	2	7	1	5	1	7	5	4
0	2	7	4	7	6	2	5	6	6	3	13	15	12	15	22	1	4	1	1	1	4	6	9	1	9	1	1	1	1	1
0	2	11	4	4	6	3	5	4	2	4	14	13	15	13	24	1	4	4	1	1	6	1	4	1	1	6	1	4	1	6
0	2	7	4	6	4	4	6	5	5	4	15	13	12	16	21	1	2	1	1	4	6	2	4	2	1	2	1	2	2	1
0	2	10	3	9	7	4	4	5	7	2	11	15	14	13	24	1	2	1	1	2	10	13	4	4	5	4	1	4	4	15
0	1	4	2	7	5	6	7	7	6	4	29	10	5	25	12	1	1	1	1	1	1	1	4	1	1	1	1	4	1	1
0	2	6	4	7	6	6	7	5	5	2	16	18	7	16	21	1	2	1	1	2	3	4	3	10	5	5	1	8	2	6
0	4	6	5	5	4	5	6	5	4	4	15	14	9	18	19	1	4	1	1	2	4	2	1	5	2	4	1	4	6	6
0	3	8	2	7	5	5	7	6	7	2	14	12	9	20	17	3	3	3	1	3	5	5	3	10	3	7	1	8	1	5
0	1	7	3	4	3	4	7	6	7	3	18	11	10	20	17	1	1	1	1	4	5	4	2	7	2	2	1	5	4	7
0	2	5	4	7	5	5	5	9	9	2	18	13	9	19	18	1	1	3	1	1	1	1	3	5	8	1	1	3	5	1
0	2	8	3	7	9	4	5	4	6	2	13	15	11	15	22	1	1	1	1	1	15	7	4	1	1	1	1	4	1	4
0	2	8	3	6	8	4	6	4	7	2	14	15	10	16	21	1	1	1	1	1	12	1	1	4	1	4	1	4	1	4
0	2	7	2	6	4	4	10	8	4	4	24	6	11	23	14	1	1	1	1	1	4	7	1	4	1	4	1	4	4	1
0	2	7	3	6	7	5	4	4	6	3	14	13	11	18	19	1	3	1	1	1	3	5	1	5	5	5	5	3	1	3
0	1	4	3	4	5	5	8	8	6	3	24	11	8	22	15	1	1	1	1	3	1	1	2	4	3	5	1	4	6	1
0	1	9	5	6	5	6	5	6	6	4	16	15	14	12	25	1	1	1	1	1	4	7	1	10	1	7	1	4	1	13
0	3	6	5	3	2	6	5	5	5	4	14	13	11	17	20	1	3	3	1	3	1	4	1	6	3	9	1	7	3	3
0	2	6	3	5	5	5	8	6	5	3	22	11	10	19	18	1	1	1	1	3	3	3	5	1	3	3	1	3	3	3
0	2	10	3	5	8	5	5	4	6	2	11	19	13	9	28	1	1	1	3	1	8	6	2	6	3	3	2	5	2	11
0	2	7	3	5	4	4	8	8	6	3	21	9	10	22	15	1	2	1	2	1	1	5	2	7	1	5	1	4	2	4
0	2	8	3	7	8	4	3	7	7	2	12	14	12	15	22	1	3	3	3	1	7	7	3	3	3	5	3	7	3	3
0	2	8	3	6	7	4	5	5	5	2	17	12	12	17	20	1	4	1	4	1	4	7	1	1	1	11	1	4	1	11
0	1	10	3	7	9	6	7	7	5	2	18	15	11	15	22	1	1	4	1	1	8	4	4	8	1	8	1	4	8	8
0	3	8	5	8	4	5	5	6	6	3	15	14	10	17	20	1	1	1	4	1	1	8	1	11	4	1	1	4	1	8
0	3	8	4	5	7	5	8	4	5	3	14	16	11	14	23	1	1	4	4	4	3	8	1	6	3	9	1	3	4	8
0	2	7	4	7	8	5	9	6	5	1	19	13	13	15	22	1	1	1	4	8	4	4	4	14	4	1	1	1	4	1
0	3	7	4	5	6	7	6	5	2	3	18	12	10	19	18	1	1	1	1	1	8	1	11	1	1	11	1	8	4	4
0	2	8	6	8	6	6	3	4	4	2	13	15	12	14	23	1	3	1	1	1	10	12	1	6	3	10	1	3	3	1
0	3	2	2	4	3	6	9	9	4	5	26	8	4	29	8	1	8	1	3	1	1	1	1	6	6	6	1	6	1	1
0	2	9	2	11	9	4	3	5	5	1	14	13	13	15	22	1	1	1	1	1	8	8	8	4	1	1	1	1	1	4
0	2	7	4	8	6	3	5	8	6	2	15	13	11	17	20	1	1	1	1	3	3	3	10	3	5	5	1	3	1	3
0	2	7	3	7	8	3	7	7	8	2	16	13	9	18	19	1	3	1	1	1	6	3	5	3	1	5	1	3	1	5
0	2	6	5	9	3	5	7	4	6	2	12	14	9	18	19	1	1	1	1	1	1	1	1	5	1	1	5	5	1	8
0	2	10	4	7	7	4	9	6	7	2	16	15	11	15	22	1	4	1	1	1	9	9	4	6	4	4	1	1	6	9
0	9	7	4	6	9	4	4	5	4	3	19	15	12	13	24	8	9	1	1	17	9	1	1	1	1	1	1	1	1	1
0	2	16	5	8	4	3	5	3	3	3	11	20	19	2	35	1	1	1	1	1	1	9	1	9	1	1	1	1	1	16
0	3	7	3	7	8	5	4	4	5	3	14	15	10	16	21	1	1	1	1	1	3	6	10	3	3	4	1	3	3	7
0	1	5	2	11	6	3	6	7	9	3	15	9	4	28	9	1	1	1	1	1	1	9	1	1	1	1	1	9	1	1
0	2	7	3	8	7	4	8	6	4	2	21	13	12	16	21	1	4	1	4	1	6	1	4	4	4	1	1	9	4	4
0	4	5	2	9	3	4	7	5	3	2	19	11	6	24	13	6	4	1	12	1	1	6	4	4	4	9	1	6	1	12
0	2	6	4	7	6	4	6	6	6	3	14	14	10	17	20	1	2	1	1	1	8	4	8	5	8	1	1	5	2	5
0	2	9	4	7	7	5	9	4	7	2	16	15	11	16	21	1	4	1	2	1	7	5	2	5	3	3	1	5	4	5
0	2	7	4	5	4	5	4	4	5	3	15	13	11	17	20	1	1	1	3	4	8	1	3	4	6	6	1	6	1	4
0	2	7	4	10	5	6	5	6	7	2	13	13	10	18	19	1	1	1	1	1	4	12	4	4	4	4	1	9	1	1
0	2	8	3	5	7	3	8	5	8	2	17	14	9	18	19	1	1	1	1	1	12	7	1	7	1	1	1	4	1	4
0	3	9	2	7	9	4	8	3	7	1	12	13	12	16	21	1	4	1	1	1	7	1	7	1	1	4	1	4	4	4
0	2	4	3	9	9	6	6	3	5	3	15	14	8	19	18	1	1	1	3	3	3	1	8	8	1	3	1	5	1	1
0	3	8	3	7	8	4	8	6	7	2	16	13	10	18	19	2	4	2	2	2	8	5	2	3	1	3	2	2	2	2
0	2	8	4	7	10	4	7	4	7	2	13	16	12	13	24	1	1	4	1	4	7	1	7	1	4	1	1	1	4	4
0	2	6	1	6	2	3	16	11	4	5	28	4	12	25	12	1	1	1	1	1	1	5	1	5	1	1	5	5	5	1
0	2	5	1	5	3	3	16	13	4	5	30	5	9	28	9	1	1	1	1	1	1	5	1	5	1	1	5	5	1	1
0	1	8	3	3	11	4	4	6	7	3	15	16	15	10	27	1	1	1	1	3	10	3	6	1	1	3	1	3	3	3
0	2	9	3	8	7	3	4	5	8	1	10	14	12	15	22	1	3	1	1	3	3	8	6	1	6	10	6	1	1	12
0	3	7	3	7	7	6	1	4	5	1	9	16	12	13	24	1	1	6	1	1	10	1	1	6	1	15	1	1	1	10
0	3	5	4	7	4	4	12	6	8	2	17	11	7	23	14	1	1	3	3	3	10	8	3	10	1	3	1	3	3	1
0	2	8	2	9	7	5	6	6	6	2	15	13	10	18	19	1	1	1	1	1	8	3	6	3	3	3	1	1	1	6
0	1	7	3	5	9	5	7	6	6	3	17	15	12	14	23	1	1	1	1	1	7	8	2	5	2	6	1	3	3	4
0	3	7	3	5	6	5	7	5	7	2	15	12	11	18	19	1	3	1	1	3	13	3	1	1	8	11	1	8	6	1
0	3	4	4	9	3	3	11	7	6	3	21	10	10	21	16	1	1	1	1	7	1	1	1	1	1	4	1	1	4	1
0	2	8	5	6	7	4	6	6	6	3	14	15	11	14	23	1	2	1	1	4	8	1	2	2	4	2	1	2	4	5
0	2	4	3	7	3	4	13	11	5	2	29	9	6	26	11	1	1	1	1	1	1	3	7	3	3	3	1	5	3	1
0	3	12	4	7	8	2	5	4	3	3	11	16	17	8	29	1	3	1	1	3	11	13	1	3	1	3	1	3	1	8
0	2	6	4	8	6	4	6	5	6	3	14	14	10	17	20	1	1	1	1	1	7	5	7	9	7	4	1	8	1	7
0	1	10	4	5	6	6	4	5	8	3	9	15	12	14	23	1	1	1	1	1	11	11	1	1	11	1	1	1	1	1
0	2	3	2	7	8	5	10	10	8	2	28	11	6	24	13	1	1	1	1	1	1	1	6	1	1	6	1	1	6	1
0	3	12	4	9	8	2	8	4	5	1	11	14	14	13	24	1	1	1	4	1	8	8	4	1	1	1	1	1	1	4
0	3	8	3	6	8	4	5	6	8	2	11	15	10	16	21	1	1	1	4	1	11	4	6	1	1	6	1	4	1	4
0	2	8	6	5	4	7	7	3	7	3	13	14	10	18	19	1	5	1	1	3	1	5	1	17	5	7	1	7	3	3
0	1	6	3	7	7	7	9	5	4	4	22	15	9	17	20	1	1	1	1	6	6	11	1	1	6	11	1	11	6	6
0	3	4	4	6	3	5	10	10	6	4	30	7	6	29	8	1	1	1	1	1	5	1	1	8	8	5	1	1	1	1
0	3	6	5	8	4	6	5	5	5	2	13	14	9	18	19	1	1	3	1	5	1	3	3	5	8	5	1	10	3	3
0	2	8	4	9	7	4	6	5	6	1	14	14	9	18	19	1	1	1	1	1	4	4	9	6	1	4	1	4	1	4
0	3	8	5	8	5	6	6	5	5	3	14	14	12	15	22	1	1	3	3	1	4	4	9	8	6	4	3	6	4	4
0	3	4	3	4	7	4	12	9	5	5	26	10	8	23	14	1	3	6	6	8	3	1	11	6	1	3	8	3	3	1
0	2	9	3	5	7	5	6	4	7	2	12	17	11	13	24	1	1	1	5	5	13	1	1	5	5	1	1	1	1	9
0	2	8	4	7	7	5	7	4	8	2	15	14	12	15	22	1	1	1	1	1	4	4	4	1	1	1	1	1	7	7
0	2	6	2	8	2	4	8	8	5	4	20	8	10	23	14	1	3	1	1	1	1	1	4	4	6	6	1	3	1	3
0	3	10	3	9	6	2	4	5	8	1	8	14	15	12	25	1	3	1	1	3	7	12	3	3	1	1	1	1	3	3
0	4	8	4	7	7	5	4	4	7	2	10	14	12	14	23	1	3	1	3	3	3	8	3	5	1	1	1	5	3	3
0	2	9	2	6	7	4	8	4	6	2	15	15	12	14	23	1	1	1	1	2	6	6	4	5	2	2	1	2	2	4
0	2	8	3	6	7	4	6	5	6	3	13	14	11	16	21	2	2	1	2	3	4	4	4	4	3	4	2	1	1	2
0	2	8	3	7	6	4	8	3	7	2	14	14	11	16	21	1	1	1	3	3	7	5	1	7	3	3	1	7	1	1
0	3	8	3	7	11	4	7	8	6	2	17	14	11	17	20	4	1	7	1	1	18	4	7	1	7	4	1	4	1	1
0	5	11	3	9	9	2	4	4	9	2	8	15	14	12	25	4	4	4	4	1	13	7	4	1	1	4	1	1	1	7
0	2	4	3	6	8	3	10	6	5	2	18	17	6	18	19	1	6	1	1	1	10	1	3	3	3	3	1	6	3	3
0	3	10	2	6	8	4	7	3	8	3	11	13	11	17	20	1	6	1	1	1	8	3	5	3	6	3	1	3	3	1
0	3	7	4	8	6	2	10	4	4	3	13	13	9	18	19	1	3	1	3	1	5	8	3	1	3	1	1	3	3	3
0	1	8	4	7	10	6	4	3	4	5	14	16	14	12	25	1	1	1	1	1	1	1	1	15	1	1	1	1	1	1
0	1	4	3	5	6	5	9	9	4	2	30	11	8	22	15	1	1	1	1	1	1	1	1	4	1	1	1	1	4	4
0	3	7	4	7	10	3	7	5	5	3	13	15	9	17	20	4	4	1	1	1	4	4	7	1	4	4	1	4	1	1
0	1	4	4	7	6	3	7	8	6	3	22	11	7	24	13	1	1	1	1	4	1	4	6	1	3	4	1	3	1	3
0	1	8	3	8	12	4	6	3	4	3	9	20	13	8	29	1	1	1	1	1	18	9	1	9	1	1	1	1	1	9
0	7	3	2	5	5	5	7	5	6	5	20	13	7	21	16	1	9	9	9	1	1	1	1	1	1	9	1	9	1	1
0	2	7	6	3	3	3	6	5	7	5	12	13	10	17	20	1	1	1	1	2	2	1	1	6	2	2	1	6	1	5
0	3	8	3	5	4	3	7	5	6	3	11	14	12	15	22	1	1	3	3	1	1	5	1	3	5	3	1	1	5	1
0	1	3	4	6	5	3	7	7	7	3	20	11	5	25	12	1	1	1	1	5	3	5	5	1	1	1	1	1	1	3
0	2	6	3	9	8	6	6	8	5	1	16	17	8	15	22	1	1	1	1	3	1	6	1	6	3	6	1	6	1	6
0	2	9	4	6	9	5	9	3	5	2	15	14	10	17	20	1	3	3	1	1	11	6	3	3	1	6	1	6	6	1
0	3	6	5	7	8	4	5	4	2	5	14	16	12	14	23	1	1	1	1	1	6	1	6	1	4	12	1	4	1	1
0	1	8	3	9	10	5	6	4	5	2	15	15	10	16	21	1	1	1	1	1	1	1	18	4	4	8	1	4	1	1
0	1	7	3	8	10	4	5	6	6	2	16	14	10	16	21	1	1	1	1	1	1	1	11	1	4	11	1	1	1	1
0	2	7	3	4	2	6	4	6	9	2	12	13	11	17	20	1	1	1	1	1	1	8	1	12	1	5	1	16	1	5
0	2	6	5	4	5	7	5	4	7	4	11	14	8	20	17	1	1	1	1	1	1	1	5	13	1	9	1	5	1	1
0	2	8	4	7	4	5	4	8	8	3	16	13	9	19	18	1	1	1	1	1	5	9	1	5	1	1	1	5	5	1
0	2	8	4	7	7	4	5	5	6	2	12	13	11	16	21	1	3	1	3	1	7	3	1	7	5	5	1	5	1	7
0	1	8	2	8	5	5	5	7	8	1	14	11	10	20	17	1	1	1	1	1	5	9	5	9	1	9	1	5	1	3
0	2	8	4	7	8	3	8	4	5	2	14	14	10	18	19	1	1	3	1	3	3	5	3	1	3	3	1	3	5	3
0	3	7	4	5	3	4	6	5	6	3	12	14	11	16	21	1	1	1	1	5	5	1	5	10	1	10	5	10	1	10
0	1	9	2	8	9	5	2	5	8	1	8	17	14	10	27	1	1	1	1	1	10	1	1	1	10	15	1	1	1	1
0	2	8	3	5	8	5	4	5	5	2	13	15	11	15	22	1	1	1	6	1	6	6	1	6	1	1	1	11	1	6
0	1	5	4	5	6	6	7	5	7	4	24	13	6	21	16	1	1	1	1	1	4	1	1	6	6	6	1	4	4	6
0	2	8	3	6	4	4	6	5	3	4	14	15	14	12	25	1	4	1	1	4	4	1	1	1	4	9	1	4	1	6
0	3	5	4	5	6	5	8	5	8	2	17	13	8	21	16	2	1	2	2	4	5	2	6	4	5	2	1	8	8	2
0	3	6	3	6	9	3	6	5	6	2	13	13	9	19	18	4	4	1	1	1	4	6	1	4	1	4	1	6	1	1
0	1	10	2	4	7	3	2	5	7	1	7	16	16	8	29	1	1	1	1	1	7	7	1	1	7	12	1	7	1	1
0	3	6	3	7	7	6	4	7	4	3	16	14	10	17	20	1	4	1	1	1	4	5	2	4	1	7	5	7	4	5
0	2	8	6	8	5	5	3	5	5	2	14	15	11	15	22	1	1	1	1	1	3	11	3	5	5	7	1	3	1	9
0	2	7	4	9	8	3	5	5	6	2	13	16	10	15	22	1	1	1	1	1	9	9	7	3	1	3	1	3	1	3
0	2	6	3	5	6	4	6	9	7	3	22	10	10	21	16	2	2	2	2	4	5	2	5	2	4	3	1	2	3	2
0	3	4	3	3	8	3	7	6	6	5	14	13	8	20	17	1	1	1	7	4	4	1	1	1	4	4	4	1	1	1
0	1	4	3	5	6	4	8	8	6	2	22	12	8	21	16	1	1	1	1	1	4	2	3	2	3	6	1	3	1	1
0	1	2	2	5	4	4	13	11	5	4	28	8	5	28	9	1	1	2	1	1	2	3	3	3	3	1	5	2	3	1
0	3	7	3	6	9	4	5	6	4	4	15	16	9	16	21	2	1	1	4	4	9	4	6	2	4	6	1	3	2	4
0	3	6	4	5	5	5	6	6	6	3	18	13	11	18	20	1	2	1	4	5	7	5	4	2	1	4	1	1	2	5
0	2	4	3	5	6	4	8	8	5	5	20	11	8	22	15	1	1	1	1	1	4	5	1	2	7	2	1	2	2	1
0	1	8	3	7	8	5	5	4	7	2	14	14	11	16	21	1	1	1	1	1	8	5	5	5	1	5	1	1	3	8
0	2	4	4	5	6	6	5	6	6	3	19	12	6	22	15	1	1	1	3	3	4	1	3	3	4	8	1	4	6	4
0	1	11	2	11	10	2	5	6	7	1	8	16	13	12	25	1	1	1	1	1	10	10	10	1	1	1	1	1	1	10
0	2	8	3	10	6	4	5	6	7	2	12	13	12	16	21	1	1	1	2	7	6	9	3	2	2	2	1	2	1	2
0	1	11	4	5	4	3	6	5	6	2	11	15	16	10	27	1	1	1	1	1	8	4	1	4	1	1	1	1	4	15
0	1	8	5	9	6	3	4	5	7	2	11	15	11	14	23	1	1	1	1	1	4	8	4	1	1	1	1	1	1	8
0	2	7	4	8	4	3	4	10	9	3	14	12	10	19	18	5	5	1	1	1	5	12	1	1	1	1	1	1	1	5
0	3	6	5	6	7	4	10	6	2	3	22	13	9	19	18	1	5	1	5	8	5	5	5	1	1	5	1	8	1	1
0	3	7	2	8	7	4	7	7	6	2	18	12	8	20	17	1	3	1	3	1	6	8	1	6	3	6	1	8	3	6
0	2	6	3	5	7	4	6	5	11	1	14	14	10	17	20	1	1	1	8	1	1	15	8	15	8	1	1	14	8	8
0	3	4	3	7	3	2	11	11	6	3	25	7	7	27	10	1	3	1	6	1	1	1	3	1	1	1	1	8	1	1
0	1	8	3	7	4	4	4	4	7	3	10	13	12	17	20	1	1	1	1	1	1	6	1	11	3	3	1	3	3	13
0	2	12	4	7	10	3	6	4	4	3	13	16	15	10	27	1	4	1	1	1	14	9	9	1	1	4	1	1	1	4
0	2	7	4	6	8	5	5	5	2	4	15	15	13	13	24	1	6	1	1	6	1	4	9	1	1	11	1	6	4	4
0	3	6	4	5	3	6	5	6	5	5	15	13	11	17	20	1	2	2	2	2	1	4	1	4	4	4	2	6	2	3
0	4	7	3	9	6	4	6	6	8	3	12	12	9	20	17	1	6	1	1	4	4	6	6	6	1	1	1	1	1	1
0	3	8	4	6	5	4	5	6	6	3	13	13	11	17	20	1	4	1	1	1	1	6	6	4	4	4	1	6	4	9
0	2	10	3	7	7	5	5	5	6	2	14	13	13	15	22	1	1	1	1	1	4	9	4	9	1	9	1	4	1	4
0	2	3	3	7	3	6	7	8	5	3	24	9	4	27	10	1	2	2	2	4	2	2	4	8	4	8	1	4	1	2
0	5	9	4	8	6	3	6	4	9	2	9	14	10	18	19	1	4	1	1	4	1	7	7	7	7	1	1	1	4	4
0	3	8	3	7	5	3	9	6	5	2	14	13	10	18	19	1	1	1	1	1	1	7	1	1	4	4	1	4	1	9
0	2	11	3	8	11	4	6	4	3	2	15	15	14	12	25	1	4	1	1	1	18	18	4	7	1	4	1	4	1	1
0	2	5	4	6	7	5	6	6	5	2	16	17	7	17	20	1	3	1	1	3	3	2	4	12	4	8	1	6	1	1
0	2	4	2	5	1	5	17	11	6	5	36	3	6	32	5	1	1	1	1	1	1	1	1	1	1	5	5	5	1	1
0	1	5	1	8	7	8	8	5	7	1	21	10	6	25	12	1	1	5	1	1	3	3	8	3	1	3	1	3	5	1
0	1	5	3	3	8	6	5	5	6	3	17	17	10	14	23	1	1	1	1	3	8	1	3	3	6	12	1	8	6	6
0	3	7	2	6	5	4	5	5	7	3	10	13	10	18	19	1	4	4	1	1	4	4	7	1	1	7	4	7	4	7
0	2	8	2	6	6	3	5	7	7	3	16	14	11	16	21	1	1	1	1	3	5	3	5	5	1	10	1	1	1	3
0	4	4	2	7	4	9	11	5	7	4	27	9	3	29	8	1	1	1	1	1	1	1	6	6	1	1	6	10	10	1
0	2	7	3	5	3	6	6	7	7	2	15	15	10	16	21	1	1	3	1	3	1	3	1	8	8	3	1	3	3	8
0	1	10	3	7	6	4	5	6	6	2	13	15	14	12	25	1	1	2	2	1	8	4	1	4	4	4	1	2	2	9
0	4	7	2	4	6	3	7	4	7	1	13	11	9	21	16	1	4	1	4	4	4	4	4	7	4	1	1	1	1	1
0	2	7	3	8	8	5	5	4	7	3	12	13	11	17	20	1	1	1	3	6	3	8	3	11	1	8	1	3	1	1
0	2	8	4	7	7	3	6	5	6	2	11	14	10	17	20	1	3	1	1	1	7	1	6	3	4	3	1	4	1	4
0	1	10	4	8	7	4	3	3	5	1	11	17	13	12	25	1	1	1	1	1	11	1	1	11	1	1	1	11	1	11
0	3	5	4	4	4	6	6	6	6	3	16	12	7	22	15	3	1	3	3	3	3	1	3	11	5	9	1	3	1	1
0	2	9	3	7	6	4	5	6	5	3	10	15	12	14	23	1	1	1	1	3	6	11	1	6	1	3	1	6	1	8
0	1	10	3	7	5	5	6	6	5	2	16	12	12	17	20	1	1	1	1	1	6	3	4	4	4	9	1	8	1	6
0	1	4	2	5	4	4	9	9	6	4	22	9	8	24	13	1	1	1	1	2	4	3	1	3	2	4	1	2	5	1
0	2	8	3	6	6	4	7	6	6	2	15	14	10	17	20	1	2	2	2	2	1	7	2	7	4	2	1	2	1	4
0	1	11	4	8	6	6	2	6	6	1	9	15	15	11	26	1	1	1	1	1	1	11	1	1	1	1	1	1	1	11
0	4	9	3	6	9	4	7	4	7	1	13	15	11	15	22	1	1	1	7	1	13	3	1	3	3	3	1	7	3	1
0	1	3	2	9	3	4	7	5	7	2	13	6	2	32	5	1	1	1	1	1	3	1	1	1	3	3	1	5	1	3
0	1	5	3	4	7	4	6	7	5	3	19	13	10	18	19	1	1	1	1	3	3	1	1	3	1	3	1	3	1	4
0	2	10	3	7	9	4	7	6	7	1	13	16	13	12	25	1	4	2	2	7	9	10	5	7	1	4	2	5	3	5
0	1	6	4	9	6	4	5	8	5	2	16	13	11	17	20	1	1	1	1	3	3	1	5	6	3	5	1	3	6	1
0	2	8	5	6	8	3	5	4	6	3	10	15	11	15	22	1	4	1	1	4	4	1	4	4	1	1	1	6	1	1
0	3	2	5	14	5	3	8	4	3	4	11	12	1	28	9	1	5	1	1	1	1	1	8	8	1	1	1	8	1	1
0	3	5	4	5	4	5	9	6	6	4	24	9	8	23	14	1	1	1	5	1	1	1	1	5	3	3	1	1	5	1
0	2	8	3	6	7	5	7	7	6	2	17	13	9	18	19	1	2	2	4	4	8	7	2	8	5	5	1	1	4	5
0	3	8	3	8	7	5	7	7	4	2	19	14	10	17	20	2	1	1	2	1	3	6	3	2	4	3	1	1	2	2
0	2	8	2	7	5	5	9	5	5	2	15	12	11	18	19	1	3	1	3	1	7	9	3	14	5	5	1	7	1	7
0	4	6	3	6	3	8	8	10	5	3	28	7	10	25	12	5	1	1	1	1	5	1	5	5	5	13	9	9	1	1
0	2	11	5	8	5	3	6	3	6	1	11	14	14	13	24	1	1	1	1	3	3	6	3	1	3	1	1	3	1	6
0	3	6	2	6	7	6	4	5	5	2	15	11	7	22	15	1	1	1	1	1	13	7	13	7	7	13	7	1	1	1
0	2	7	2	6	2	3	7	6	8	3	10	11	10	20	17	1	1	1	1	1	1	4	1	7	1	4	1	4	1	7
0	2	10	4	7	5	2	10	7	8	2	13	14	12	15	22	1	4	1	1	1	6	6	4	4	1	1	1	1	1	1
0	3	8	5	8	6	3	7	5	6	2	15	16	11	14	23	1	4	1	4	4	7	4	4	7	4	7	1	7	4	7
0	3	6	4	4	5	3	5	4	8	3	8	14	10	17	20	1	4	2	1	1	2	1	4	6	1	2	1	2	5	6
0	3	9	4	7	7	4	5	5	6	2	13	14	10	18	19	1	4	1	1	1	9	4	1	4	1	4	1	1	4	1
0	2	11	4	4	5	3	3	5	6	3	11	16	13	12	25	1	1	1	1	1	5	14	1	1	1	5	1	1	1	10
0	3	7	6	5	5	3	6	6	7	3	12	15	11	15	22	1	1	1	4	7	4	4	1	7	1	4	1	4	4	4
0	2	7	2	4	3	3	7	7	9	2	10	12	11	19	18	1	1	1	1	4	1	1	4	4	4	1	1	1	1	8
0	2	10	4	4	5	3	5	6	8	3	13	13	14	14	23	1	3	1	1	1	5	3	5	3	1	1	1	3	1	1
0	3	10	5	7	6	3	7	4	6	2	14	14	12	15	22	1	6	1	1	4	4	4	1	4	4	4	1	1	1	4
0	2	8	3	7	6	5	5	5	7	2	12	13	11	17	20	2	1	1	2	1	8	4	6	4	3	3	2	6	2	1
0	1	10	5	6	5	3	7	5	6	3	11	17	15	9	28	1	1	1	1	1	8	11	1	4	1	4	1	1	4	8
0	2	7	3	3	8	3	8	7	5	3	20	15	10	16	21	1	1	1	3	6	8	3	1	1	1	6	1	1	3	1
0	2	10	4	5	8	4	5	6	4	4	13	15	13	14	23	1	3	1	1	1	5	7	3	7	5	3	1	5	7	7
0	3	5	3	6	7	4	7	6	8	2	16	12	7	21	16	2	2	2	4	1	5	4	4	5	4	2	1	1	6	4
0	1	5	3	6	5	5	8	7	6	4	22	10	9	22	15	1	1	1	1	1	1	3	5	9	1	3	1	7	5	3
0	3	7	3	4	6	4	8	5	8	3	14	12	8	21	16	1	7	1	1	1	3	3	1	1	12	3	1	3	3	3
0	7	6	3	6	11	4	5	5	3	6	16	18	9	15	22	1	1	1	9	1	1	9	9	9	1	1	9	1	9	9
0	7	6	2	6	10	4	5	5	4	6	17	16	10	16	21	1	1	1	9	1	1	9	9	1	1	1	9	1	9	9
0	1	7	3	5	6	5	6	6	5	4	20	13	10	18	19	1	1	1	1	4	4	4	4	3	3	1	3	6	4	4
0	2	16	2	6	12	4	4	3	5	1	10	18	18	5	32	1	1	1	1	1	27	5	5	5	1	5	1	1	5	1
0	2	8	3	6	6	3	8	5	7	2	12	14	10	17	20	1	6	1	1	1	3	1	3	8	3	1	1	3	1	3
0	2	8	3	7	6	4	5	7	5	2	13	14	12	15	22	1	3	1	1	1	3	6	1	1	1	13	1	1	1	6
0	1	7	3	7	8	4	5	6	3	2	19	14	14	14	23	1	1	1	1	7	1	7	1	4	4	1	1	1	4	1
0	3	4	3	6	5	4	8	11	5	4	27	9	7	25	12	1	7	4	1	4	4	1	7	4	1	7	1	7	7	1
0	1	4	3	5	6	5	10	10	4	2	31	11	8	23	14	1	1	1	1	1	1	1	1	4	1	1	1	1	8	1
0	2	6	3	4	8	7	5	8	5	5	20	13	9	19	18	1	1	1	1	1	7	4	1	7	7	15	1	14	1	1
0	2	8	3	4	4	5	6	7	7	3	15	11	12	18	19	1	1	1	1	1	6	1	1	1	1	11	1	6	1	6
0	3	5	3	6	5	3	10	11	7	3	27	8	10	23	14	1	1	4	4	4	1	1	4	1	1	4	1	1	1	1
0	6	7	2	3	9	5	7	5	6	3	15	16	9	16	21	1	10	4	4	1	7	1	1	5	2	4	2	7	5	5
0	2	7	3	6	5	5	4	5	4	3	12	11	12	17	20	1	7	1	1	1	1	4	1	1	1	7	1	1	1	4
0	2	7	5	7	7	5	6	5	8	2	14	14	11	16	21	1	1	8	1	1	8	1	4	1	1	14	1	1	1	8
0	3	9	3	4	10	4	5	2	5	2	12	18	11	12	25	1	1	1	9	1	13	1	1	1	5	5	1	5	5	1
0	2	7	5	7	7	6	5	6	5	1	15	14	10	17	20	1	3	3	1	7	5	5	3	3	3	7	1	11	1	5
0	2	6	4	6	9	4	5	5	6	2	17	14	9	19	18	1	1	1	3	3	9	3	7	5	3	3	1	1	3	3
0	1	3	3	6	5	3	12	11	7	5	28	9	4	28	9	1	1	1	1	5	1	1	1	5	1	1	1	1	5	1
0	2	6	4	6	4	6	5	5	7	1	15	12	9	20	17	1	1	3	1	3	3	1	1	3	3	11	1	8	1	1
0	2	6	4	4	2	3	6	7	4	4	10	16	9	16	21	1	1	1	1	3	3	1	3	3	1	6	6	3	1	3
0	3	5	3	5	5	6	9	5	5	5	22	11	8	21	16	1	1	1	4	4	1	1	4	1	4	4	1	1	7	4
0	1	8	3	3	4	9	7	6	1	4	18	12	11	18	19	1	1	1	1	1	1	1	1	7	7	1	1	12	12	7
0	1	5	1	10	3	3	4	3	9	3	8	7	5	29	8	1	1	1	1	1	1	10	4	7	1	1	1	7	1	1
0	2	7	3	3	10	4	7	5	4	3	15	18	12	11	26	1	1	1	7	4	18	7	1	1	1	4	1	4	1	4
0	2	6	3	7	7	7	5	7	7	2	15	14	7	19	18	1	1	1	1	1	7	7	1	7	7	7	1	1	7	1
0	3	5	2	9	8	2	9	7	4	3	18	14	7	20	17	1	1	1	1	1	1	1	10	1	1	1	1	4	4	1
0	1	10	3	6	10	4	7	5	3	3	16	14	14	12	25	1	1	1	1	1	14	3	7	3	1	6	1	4	3	3
0	2	9	4	7	8	3	4	6	10	2	12	14	11	16	21	1	3	1	1	1	7	10	5	3	3	3	1	5	1	3
0	2	7	4	7	5	2	6	3	9	2	10	11	10	20	17	1	1	1	1	1	1	14	1	1	1	1	1	1	1	1
0	2	7	6	5	7	3	5	8	7	2	15	15	10	15	22	1	1	1	1	1	1	1	1	1	1	8	1	1	1	1
0	2	6	2	7	10	4	6	4	6	1	15	15	8	18	19	1	1	1	1	1	4	1	8	4	1	1	4	8	8	8
0	4	3	3	7	3	6	12	10	4	3	26	8	3	30	7	1	1	1	6	6	3	1	1	1	6	8	6	3	13	1
0	3	8	3	6	7	5	7	7	6	3	14	14	10	17	20	1	1	1	1	1	6	3	3	8	3	6	1	6	3	6
0	3	5	4	6	3	6	8	9	4	4	28	8	6	27	10	1	1	1	1	1	1	1	1	4	4	8	1	4	4	1
0	3	4	4	4	4	5	7	8	7	4	18	12	8	21	16	1	1	1	5	1	1	1	1	3	3	3	1	1	3	3
0	3	5	3	7	2	8	8	8	5	4	29	6	6	29	8	1	1	1	1	1	1	1	1	5	12	8	1	5	8	1
0	3	7	4	8	5	4	4	8	6	2	12	13	10	18	19	1	5	1	1	1	3	5	6	3	6	8	1	1	3	3
0	3	9	2	6	6	5	7	7	6	2	16	11	10	20	17	1	3	3	1	1	8	6	1	10	3	3	1	3	6	3
0	2	9	4	6	6	4	7	6	6	2	15	14	10	17	20	1	4	2	4	4	1	5	2	9	4	2	1	2	2	5
0	2	6	2	4	2	2	5	4	8	4	5	16	12	13	24	1	1	1	3	1	1	3	1	1	1	1	1	1	1	3
0	3	12	4	8	7	3	5	4	7	1	6	19	15	7	30	1	1	1	4	4	9	9	6	4	1	4	1	4	1	19
0	4	7	3	8	6	3	6	6	8	2	14	12	9	20	17	1	4	1	1	4	1	6	4	6	1	4	1	1	1	1
0	2	4	3	5	4	5	7	8	7	4	21	9	10	22	15	1	2	1	2	3	5	2	2	1	1	5	2	2	4	4
0	3	4	3	6	2	4	8	4	5	3	16	7	8	26	11	1	1	5	5	1	1	1	1	1	1	5	1	1	1	5
0	2	9	5	4	6	3	4	4	8	4	9	15	12	14	23	1	4	1	1	1	4	6	1	4	1	6	1	1	1	6
0	3	6	4	7	5	5	6	4	8	2	12	12	8	20	17	1	1	1	1	1	4	4	7	4	7	4	1	1	1	1
0	2	8	4	7	8	5	6	5	5	3	14	16	12	13	24	1	1	1	5	3	6	12	3	3	1	5	5	5	1	6
0	1	4	2	4	6	4	9	9	8	4	23	11	8	22	15	2	1	1	1	3	3	3	2	2	2	2	1	3	4	1
0	3	10	3	13	9	2	5	4	10	1	11	13	11	17	20	1	1	1	1	1	10	6	10	1	6	1	1	1	1	6
0	2	7	3	8	6	6	8	4	5	2	15	14	10	17	20	1	1	4	4	4	4	4	4	7	4	4	1	1	7	10
0	2	2	2	5	3	5	16	10	8	3	29	5	3	33	4	1	1	1	7	1	1	1	1	7	1	4	4	4	7	1
0	2	12	5	6	9	3	5	7	5	3	13	17	13	11	26	6	6	1	1	1	1	6	11	1	1	1	1	6	1	11
0	2	8	3	8	9	1	4	5	8	1	5	17	13	10	27	1	3	1	1	6	8	13	13	1	1	1	1	1	1	6
0	2	10	3	5	4	5	4	4	8	2	9	15	12	13	24	2	1	1	1	2	2	7	2	5	5	7	1	8	1	4
0	1	5	5	3	3	3	8	4	6	5	12	17	7	17	20	1	4	1	1	1	1	1	1	1	4	4	1	4	1	1
0	2	5	3	7	7	4	9	7	7	3	23	11	7	23	14	1	4	1	1	1	1	1	4	1	4	4	1	8	1	1
0	1	11	3	9	7	7	2	8	6	1	11	15	14	12	25	1	1	1	1	1	11	1	11	1	1	1	1	17	1	23
0	3	8	4	8	6	4	6	6	6	2	14	13	9	19	18	1	4	1	1	1	4	1	4	9	1	4	1	1	4	1
0	4	6	4	4	3	3	8	6	4	4	13	15	7	18	19	1	2	1	4	2	1	1	2	1	5	4	2	2	2	2
0	2	10	2	8	7	4	6	6	8	2	15	12	10	19	18	1	5	1	1	1	3	13	11	5	1	5	3	5	3	9
0	2	6	3	6	4	5	8	9	5	2	24	10	8	23	14	1	4	1	4	1	2	4	1	5	5	5	1	4	6	2
0	2	9	5	7	5	7	6	6	5	2	17	15	9	17	20	1	4	1	4	4	9	14	1	9	4	14	4	4	1	9
0	2	6	3	6	3	3	7	6	8	3	14	10	11	20	17	1	1	1	1	3	1	3	3	1	1	4	1	4	4	4
0	2	10	3	8	7	5	5	6	7	1	12	13	12	16	21	1	2	1	3	2	9	10	3	5	1	6	2	8	4	2
0	3	8	4	3	2	4	6	7	6	4	15	12	14	15	22	1	3	1	1	3	3	4	1	3	4	1	1	1	3	9
0	2	9	4	5	7	4	6	6	7	2	14	14	11	17	20	1	1	1	1	1	5	3	5	2	1	2	1	3	3	3
0	1	9	3	6	7	4	5	6	6	3	14	13	14	13	24	1	1	1	1	3	5	3	3	6	3	8	1	6	3	5
0	2	8	4	8	10	3	3	6	7	2	12	16	12	13	24	1	1	1	1	7	7	7	1	1	7	7	1	4	1	1
0	2	9	4	6	6	4	6	6	5	3	14	15	11	15	22	1	5	1	1	1	1	1	1	3	3	3	1	8	3	8
0	2	8	2	6	5	5	7	4	5	2	14	13	11	17	20	1	1	1	1	3	5	5	5	5	3	3	1	5	7	7
0	2	7	2	5	5	5	7	3	6	2	13	14	11	17	20	1	1	1	1	5	1	5	3	3	3	3	1	7	5	7
0	2	9	3	10	7	5	5	8	5	2	15	13	12	16	21	1	1	1	1	1	10	10	4	7	1	1	1	7	1	1
0	4	8	6	7	6	4	3	5	8	2	10	15	11	15	22	1	1	1	1	4	4	7	7	1	4	4	1	4	1	7
0	1	8	4	6	6	5	5	5	6	4	14	13	12	16	21	1	1	1	1	1	4	4	1	10	1	4	1	10	1	4
0	1	7	3	5	7	3	6	6	6	2	12	15	11	15	22	1	1	1	3	3	6	3	6	3	3	1	1	3	3	6
0	2	7	4	7	6	4	9	7	5	2	16	14	10	18	19	1	3	1	1	5	7	1	7	5	3	1	1	7	3	3
0	2	11	3	11	7	4	6	3	5	1	11	16	12	12	25	1	1	1	3	1	7	11	7	3	1	1	1	1	7	7
0	3	6	3	5	3	4	10	11	4	2	27	7	10	25	12	3	3	1	1	1	1	3	1	3	3	5	3	3	3	1
0	3	8	5	7	7	3	7	5	6	1	14	14	10	17	20	1	1	1	1	4	4	1	6	1	4	1	1	6	1	4
0	2	8	4	5	4	6	4	4	9	3	12	15	10	17	21	1	4	1	1	1	4	4	1	4	4	6	1	6	4	9
0	2	5	2	6	5	5	6	7	9	4	20	8	9	23	14	1	1	1	1	2	1	4	4	4	2	6	1	7	1	1
0	2	9	3	5	6	5	5	5	7	2	12	13	11	18	19	2	1	2	3	2	7	6	3	4	6	6	3	3	1	2
0	2	8	2	6	2	4	6	7	5	5	21	6	12	23	14	1	1	1	1	1	1	1	1	4	4	4	1	1	4	4
0	3	9	3	8	7	5	5	7	6	2	14	13	9	19	18	1	1	1	1	1	6	4	1	9	1	6	4	9	6	6
0	3	5	3	8	4	6	9	6	5	3	20	10	6	25	12	1	1	4	6	6	4	1	1	4	6	4	1	1	1	1
0	3	7	3	8	5	5	5	6	5	2	14	13	9	19	18	1	1	4	1	1	4	9	4	4	1	4	1	4	4	4
0	3	8	2	6	6	6	6	3	4	3	20	14	8	19	18	1	1	8	13	1	1	1	1	8	1	8	1	1	1	1
0	1	10	3	7	8	6	3	6	6	2	11	16	13	12	25	1	1	1	1	2	8	9	3	8	2	9	1	8	3	6
0	3	8	3	8	8	5	5	4	7	2	10	14	10	16	21	1	1	1	1	1	8	4	8	8	1	1	4	4	1	8
0	2	9	4	7	4	4	5	9	4	2	16	12	13	16	21	1	1	4	1	1	4	7	4	4	1	1	1	4	1	7
0	2	7	6	5	4	3	4	8	4	5	16	16	9	16	21	1	1	1	1	5	5	1	1	1	5	1	1	1	1	1
0	3	7	5	5	6	3	6	4	4	3	11	14	10	17	20	1	3	1	1	1	3	3	3	3	6	1	1	6	1	1
0	4	2	3	4	3	6	13	14	5	4	36	5	2	34	3	1	4	1	1	1	1	1	1	7	10	10	7	4	7	1
0	3	7	4	7	5	4	5	5	8	1	11	12	8	21	16	1	1	1	1	5	5	5	5	8	1	1	1	1	1	1
0	2	7	4	5	7	5	5	6	6	2	16	14	11	16	21	1	1	1	1	5	3	1	3	3	1	7	1	7	1	3
0	2	8	4	6	4	4	6	4	4	3	10	15	11	15	22	1	1	1	4	1	10	1	4	1	1	1	1	1	4	7
0	4	4	5	7	5	5	9	5	5	2	14	15	8	18	19	4	1	1	1	4	1	7	4	4	4	4	1	4	7	1
0	2	11	3	6	4	5	5	8	5	3	17	11	15	15	22	1	1	1	3	5	5	5	3	3	3	3	1	9	5	7
0	1	10	2	9	8	4	6	7	6	2	13	13	10	18	19	1	1	1	1	1	13	4	7	10	1	4	1	1	1	1
0	3	9	4	6	8	5	7	5	6	3	14	14	10	17	20	1	4	4	1	4	10	4	4	10	4	1	1	4	4	7
0	2	8	2	6	5	4	5	9	4	5	19	8	12	20	17	1	1	1	1	1	4	1	1	1	7	4	1	4	1	1
0	2	6	4	5	4	6	6	8	7	4	18	11	10	20	17	1	3	1	1	8	1	3	1	3	1	6	1	3	8	1
0	1	8	6	5	3	3	4	9	6	3	12	16	11	14	23	1	1	1	2	5	2	1	2	4	5	1	2	5	2	13
0	2	7	3	6	4	3	6	5	8	3	10	14	11	16	21	1	3	1	3	1	3	1	3	1	1	1	1	1	1	5
0	3	7	4	8	4	4	5	8	6	1	12	15	11	16	21	1	5	1	1	1	5	1	1	5	1	13	1	1	1	1
0	1	4	5	3	4	4	7	10	6	2	26	13	9	20	17	1	1	1	1	4	1	4	1	4	1	4	1	1	1	1
0	5	6	4	6	6	4	5	6	8	2	13	11	9	21	16	1	1	4	1	1	9	1	1	6	1	9	1	9	4	1
0	4	7	4	5	7	5	5	4	8	2	10	17	11	13	24	4	4	4	4	1	1	1	6	6	4	6	4	4	4	4
0	2	7	4	5	3	4	3	6	7	4	10	14	11	16	21	1	1	1	1	2	2	2	1	5	2	2	2	2	2	5
0	3	9	5	6	6	4	5	5	6	2	9	14	12	14	23	1	1	1	1	3	8	3	1	8	3	3	1	3	1	6
0	2	10	2	9	7	3	5	8	8	1	13	12	11	18	19	1	4	1	1	1	4	7	4	1	1	1	1	4	1	4
0	4	3	4	7	3	2	8	4	4	2	13	11	4	26	11	6	10	1	6	1	1	1	1	1	1	1	1	1	1	1
0	1	8	4	6	5	5	8	6	5	2	22	11	12	19	18	1	1	1	1	4	7	4	1	1	1	7	1	4	4	4
0	1	9	2	6	5	4	7	7	5	2	16	10	14	17	20	1	1	1	1	1	8	15	1	1	1	1	1	8	1	8
0	3	6	4	6	5	4	8	7	4	4	21	10	10	21	16	1	6	1	1	4	12	9	6	4	1	6	1	4	1	1
0	2	8	4	7	6	6	7	5	5	2	14	15	12	14	23	3	3	1	1	1	5	10	7	5	1	5	3	5	8	8
0	3	6	4	5	4	2	7	5	9	2	10	13	10	18	19	3	1	1	3	1	6	3	1	3	3	3	3	1	1	10
0	1	10	4	7	9	4	7	4	5	2	13	14	12	14	23	1	1	1	1	1	6	6	6	6	1	6	1	1	6	1
0	2	5	2	11	3	3	3	5	13	2	6	6	4	32	5	1	7	1	1	1	1	7	1	1	1	1	1	1	1	7
0	2	9	5	3	2	4	4	7	8	1	9	15	15	11	26	1	1	1	1	4	4	1	1	1	1	4	1	4	1	11
0	2	6	3	7	6	5	10	6	7	3	21	10	11	20	17	1	4	1	4	1	1	4	4	4	1	11	1	8	4	4
0	1	5	4	6	3	4	5	4	6	4	11	16	9	17	20	1	1	1	1	1	4	4	4	1	4	8	1	4	1	1
0	1	10	5	2	7	4	2	5	8	2	6	18	12	11	26	1	4	1	1	1	4	1	1	8	1	11	1	1	1	8
0	3	8	5	9	5	6	5	3	10	2	11	15	9	17	20	1	1	1	8	8	1	8	1	1	1	1	1	8	1	1
0	3	7	5	7	3	6	6	4	6	2	14	12	10	20	17	1	1	1	1	3	3	6	3	10	4	6	3	4	6	4
0	3	6	5	8	4	7	6	3	4	3	12	12	9	21	16	1	8	1	1	1	1	11	1	1	8	8	1	1	4	4
0	1	9	4	4	4	3	4	5	4	3	10	15	12	14	23	1	1	1	3	3	3	3	1	5	1	5	1	3	3	8
0	2	7	3	3	3	3	7	7	7	3	13	15	10	16	21	1	4	1	1	4	1	3	1	3	3	6	1	3	3	3
0	1	5	3	7	7	5	9	7	5	1	21	12	8	21	16	1	1	1	1	1	5	1	1	9	1	9	1	1	9	5
0	3	9	4	5	2	3	7	4	8	4	9	11	11	19	18	1	1	1	1	5	1	9	1	1	1	5	1	1	1	5
0	4	6	3	8	9	5	5	5	9	2	12	12	8	20	17	1	1	4	1	1	7	7	7	1	1	4	1	1	4	1
0	2	6	4	6	5	3	5	7	9	1	8	13	10	18	19	1	1	1	1	1	1	1	4	1	4	1	1	1	1	1
0	2	8	3	7	3	3	6	7	9	2	12	12	11	18	19	1	7	1	1	3	5	7	1	3	1	5	1	3	3	3
0	2	11	3	5	6	2	4	5	8	2	6	17	12	13	24	1	1	1	1	1	1	1	3	3	1	6	1	1	3	3
0	2	8	4	4	4	4	6	6	5	4	14	13	13	16	21	2	1	1	2	2	2	2	1	2	1	4	2	1	2	4
0	2	5	4	3	6	7	9	8	3	3	20	17	7	17	20	1	1	1	4	8	1	1	4	4	4	8	1	4	8	4
0	2	9	4	6	3	3	6	4	10	1	8	12	11	18	19	1	4	1	1	1	1	4	1	6	1	9	1	4	1	6
0	2	7	4	5	6	3	4	5	7	3	10	15	10	16	21	1	4	1	1	1	9	4	1	1	1	1	1	4	1	6
0	2	8	3	7	5	5	5	5	6	2	12	13	10	18	19	1	1	1	6	1	6	6	6	6	1	11	1	6	9	4
0	1	8	4	5	2	4	5	7	7	3	10	13	14	14	23	1	1	1	1	1	1	8	1	1	1	8	1	1	1	11
0	2	9	3	6	6	4	5	5	5	3	11	14	10	16	21	1	1	1	6	1	9	9	4	6	1	6	1	6	6	6
0	2	10	2	9	8	6	7	5	8	1	11	12	13	17	20	1	1	6	1	1	6	11	6	1	1	11	1	6	1	1
0	2	7	3	6	6	4	8	5	6	2	19	12	11	18	19	1	1	1	3	1	3	5	5	1	3	3	1	5	5	1
0	3	7	3	6	3	5	4	3	6	2	8	15	9	17	20	1	1	5	3	1	3	7	5	7	3	1	1	12	3	7
0	2	9	3	7	6	4	3	5	6	2	8	16	14	11	26	1	1	3	4	4	7	6	4	3	4	1	1	6	3	7
0	2	8	4	5	4	5	4	5	8	2	10	15	9	17	20	1	1	4	1	1	4	1	1	4	7	9	4	7	4	9
0	1	9	3	7	3	5	8	7	7	2	15	11	13	18	19	1	1	1	1	5	1	9	1	9	1	9	1	5	5	9
0	1	8	1	4	8	9	10	9	6	2	28	10	14	17	20	1	1	1	1	1	6	2	2	4	3	13	1	3	10	1
0	3	9	3	6	6	4	8	3	5	2	16	12	10	19	18	3	6	3	1	6	10	8	6	3	1	6	1	6	6	3
0	1	10	3	5	4	6	7	4	6	1	16	14	15	12	25	1	1	1	1	1	5	1	1	5	9	13	1	5	1	5
0	1	8	3	10	7	3	6	4	8	1	9	14	10	17	20	1	1	1	1	1	9	5	9	1	5	5	1	1	1	1
0	1	8	4	6	1	6	3	4	9	3	8	10	12	19	18	1	1	1	1	1	1	1	1	9	5	9	1	9	1	5
0	2	8	2	6	6	6	6	5	7	2	14	11	10	20	17	1	1	1	1	1	7	1	1	1	1	7	1	1	7	1
0	2	2	3	10	4	4	6	3	6	5	12	10	3	28	9	1	1	1	7	1	1	1	1	7	1	1	1	1	7	1
0	3	4	2	6	3	3	10	10	4	2	27	6	8	27	10	3	3	1	1	1	1	1	1	1	3	7	1	1	5	1
0	3	8	5	8	6	6	5	4	7	2	12	15	11	15	22	1	1	1	1	4	7	4	1	4	1	14	1	7	1	11
0	1	8	3	6	3	4	6	4	8	2	12	15	12	14	23	1	1	1	1	1	5	4	2	5	6	6	1	2	2	9
0	6	6	4	5	3	6	8	7	7	2	17	13	7	21	16	7	5	5	8	3	1	5	3	1	3	5	3	5	5	3
0	2	6	4	5	5	5	6	6	10	2	15	13	8	19	18	1	1	1	1	4	1	4	1	4	1	6	1	6	1	4
0	1	7	4	3	2	3	5	5	8	4	8	15	12	14	23	1	1	1	1	6	3	3	2	2	6	4	1	5	2	8
0	2	6	2	5	6	5	7	3	9	3	12	15	7	19	18	3	3	1	1	1	7	7	3	7	3	7	3	5	7	5
0	2	5	3	6	5	5	11	4	6	4	23	10	9	22	15	1	4	1	4	1	1	1	1	4	1	11	1	4	4	1
0	7	3	3	4	3	5	7	8	4	3	19	11	5	26	11	4	4	8	4	1	1	4	1	1	1	11	8	4	4	4
0	2	8	3	7	10	6	5	5	4	1	15	19	10	12	25	1	1	1	1	1	8	4	11	4	1	8	4	11	4	1
0	1	6	3	10	7	5	5	5	10	1	10	12	9	20	17	1	1	1	1	1	15	6	6	6	1	1	1	6	1	6
0	1	7	4	4	2	3	7	5	7	4	12	12	12	17	20	1	1	1	1	2	1	3	1	3	3	4	1	3	1	4
0	1	10	3	8	6	6	6	4	5	2	14	13	10	18	19	1	3	1	3	3	7	5	1	7	1	13	1	3	1	3
0	3	7	4	6	5	5	8	5	4	4	15	13	10	18	19	1	1	1	5	3	3	1	3	5	3	11	1	7	1	3
0	2	6	2	5	5	3	7	3	9	1	10	14	7	20	17	1	1	1	1	1	5	1	8	1	1	5	1	1	8	1
0	2	5	5	8	4	5	5	7	10	2	14	15	10	16	21	1	1	1	1	1	1	4	7	7	4	1	1	7	7	7
0	3	3	3	3	4	5	8	7	7	1	15	14	8	19	18	1	1	1	7	1	1	1	4	1	1	4	1	4	1	4
0	2	7	5	6	5	5	4	5	9	4	10	16	10	15	22	1	4	1	1	6	6	6	4	1	1	4	4	4	6	6
0	2	7	5	6	4	3	6	7	7	4	11	14	10	17	20	3	1	1	3	3	3	4	1	3	1	7	3	1	1	6
0	3	9	3	6	6	4	5	5	6	3	11	15	10	17	20	1	1	4	6	4	6	9	4	4	1	9	1	4	4	4
0	2	9	5	4	3	4	5	3	4	2	6	16	10	15	22	1	1	1	1	6	1	1	1	11	1	1	1	6	6	16
0	1	9	3	5	2	5	8	5	4	4	18	9	13	19	18	1	1	1	3	1	1	10	1	5	3	3	1	3	8	1
0	4	8	4	9	6	3	8	4	9	3	10	12	9	20	17	1	4	1	1	4	4	9	4	6	1	1	1	6	4	4
0	2	8	3	5	4	3	6	7	6	3	15	10	12	20	17	1	1	1	4	2	6	2	5	6	1	2	1	2	2	2
0	2	7	3	8	7	4	4	5	10	2	11	14	10	17	20	1	1	1	1	1	4	4	8	8	1	4	1	4	1	8
0	2	8	3	6	6	4	7	5	7	2	13	14	9	18	19	1	4	2	2	5	2	8	4	7	4	7	1	1	2	5
0	2	3	3	4	3	6	9	10	4	4	29	5	5	31	6	1	1	1	1	3	1	3	1	8	1	12	1	3	3	1
0	1	9	2	4	5	3	6	6	12	1	9	13	11	17	20	1	1	1	5	1	1	5	1	1	5	1	1	8	1	5
0	1	7	2	5	7	4	8	6	7	3	16	12	9	19	18	1	4	1	1	1	4	7	7	4	10	1	1	4	4	1
0	1	4	3	5	5	4	8	9	5	2	28	10	8	23	14	1	1	1	1	4	1	1	1	4	1	10	1	1	7	1
0	2	10	3	9	8	4	5	5	5	2	13	13	13	14	23	1	1	1	1	3	5	9	9	5	5	3	1	3	1	3
0	3	6	4	6	6	4	4	5	10	2	9	14	9	18	19	1	6	1	1	1	6	6	1	4	1	6	1	1	1	1
0	2	4	4	3	2	5	11	7	5	2	26	12	6	23	14	1	1	1	8	8	8	1	1	8	1	8	1	8	1	8
0	1	9	3	10	4	3	4	6	7	2	9	10	12	19	18	1	1	1	1	1	1	5	1	1	5	5	1	1	1	9
0	2	5	4	5	5	5	6	6	6	3	20	13	8	20	17	3	3	1	1	3	1	3	3	6	3	3	1	3	4	3
0	2	5	3	7	6	6	5	8	5	4	21	13	7	20	17	1	1	1	1	4	1	1	1	13	1	7	1	4	1	1
0	3	5	4	5	5	5	5	6	7	2	16	13	6	22	15	2	1	1	2	1	4	2	5	5	5	5	1	5	4	2
0	2	7	3	6	4	5	7	7	5	3	22	9	9	23	14	1	1	2	1	2	2	6	1	4	4	6	1	5	5	4
0	2	5	2	4	4	7	4	8	9	2	14	10	9	23	14	1	1	1	1	1	1	1	1	19	5	10	1	18	1	1
0	2	4	3	4	3	3	8	6	8	4	19	9	8	24	13	1	1	1	1	4	1	1	1	1	1	4	4	1	4	1
0	2	2	1	15	4	1	10	4	8	1	13	7	4	30	7	1	1	1	1	1	1	5	1	5	1	5	1	1	1	1
0	6	7	6	4	2	7	3	4	8	1	9	18	9	14	23	10	11	10	1	11	1	1	1	1	1	11	1	1	1	1
0	2	6	5	6	7	4	5	4	4	2	13	14	10	17	20	1	1	1	1	1	5	5	5	5	5	1	1	1	1	1
0	2	9	3	7	6	2	4	5	9	1	8	15	10	16	21	1	1	1	1	1	1	1	4	1	1	8	1	1	1	11
0	4	9	4	8	4	4	6	4	6	2	10	14	12	15	22	1	1	1	4	1	4	1	4	11	1	1	4	1	8	4
0	2	5	4	7	4	3	2	3	5	3	4	15	13	13	24	1	1	1	1	8	1	1	1	4	1	4	1	1	1	4
0	1	12	5	3	4	4	3	4	5	4	7	17	13	11	26	1	1	1	1	5	7	1	5	3	1	5	1	3	1	13
0	2	7	4	9	7	5	4	6	9	1	14	12	8	21	16	1	1	1	1	1	4	4	4	4	1	6	1	6	4	1
0	2	7	4	5	6	4	5	4	4	3	12	14	10	16	21	1	1	1	4	1	4	4	4	1	4	6	4	12	1	6
0	2	6	4	8	7	6	6	7	5	2	17	14	9	18	19	1	1	1	7	7	7	9	4	7	1	7	1	1	4	1
0	2	3	3	4	4	5	7	12	6	3	21	9	7	24	13	1	3	1	1	1	1	1	3	1	1	5	1	6	3	1
0	2	8	3	7	4	4	4	5	6	1	11	11	10	20	17	1	1	1	1	1	1	4	4	4	1	4	4	7	4	7
0	5	5	2	5	4	5	10	3	7	5	24	7	9	25	12	1	1	1	6	1	1	1	6	6	1	6	6	1	6	1
0	2	7	3	8	6	3	7	5	3	2	13	13	12	16	21	1	1	1	1	4	10	4	10	1	4	14	1	1	1	7
0	2	3	4	5	5	6	6	6	6	3	15	13	10	19	18	1	1	1	1	3	3	1	3	3	1	8	1	1	1	1
0	2	9	2	9	8	6	5	5	4	2	14	14	13	15	22	1	1	1	1	1	11	4	7	1	4	4	1	4	4	1
0	1	7	2	9	6	8	5	5	8	1	16	12	10	20	17	1	1	1	1	1	3	7	5	9	3	9	1	3	5	9
0	2	11	2	9	10	4	4	5	4	1	9	16	10	15	22	1	1	1	1	1	6	4	4	6	4	6	1	1	1	9
0	2	5	3	8	6	7	7	5	5	1	19	12	7	21	16	1	1	1	1	3	1	3	6	8	4	8	1	10	8	4
0	3	4	2	5	3	4	12	9	5	2	29	7	6	28	9	3	5	1	1	1	1	1	1	3	3	9	1	1	3	1
0	1	10	2	9	8	3	6	4	8	2	13	13	11	18	19	1	1	1	1	1	7	5	5	3	1	3	1	3	1	5
0	1	6	3	7	9	5	6	6	5	2	14	15	10	16	21	1	1	2	1	1	4	6	8	4	4	9	1	4	2	4
0	3	5	5	5	6	7	6	6	5	2	18	13	8	20	17	1	8	1	1	3	1	1	8	6	3	6	1	6	6	1
0	2	8	3	5	5	6	6	7	5	3	18	12	11	18	19	1	1	1	3	1	3	3	1	8	1	3	1	6	3	8
0	3	9	2	5	5	2	4	4	8	2	10	13	11	17	20	1	1	1	6	1	3	6	1	3	1	1	1	1	1	15
0	2	6	4	7	4	8	5	4	4	2	13	13	11	18	19	1	1	1	1	1	1	4	1	4	4	13	1	13	7	10
0	2	10	3	7	8	4	6	3	6	1	10	14	13	14	23	1	4	1	1	1	16	4	1	10	1	4	1	4	1	4
0	2	6	3	8	4	4	5	5	8	2	11	12	10	19	18	1	1	2	1	2	2	5	4	4	2	9	2	6	1	6
0	2	7	5	5	4	4	3	4	10	2	5	15	11	15	22	1	4	1	1	4	4	3	1	4	3	1	1	6	3	7
0	2	8	5	6	3	3	6	5	7	2	11	13	12	16	21	1	1	1	3	5	1	7	1	5	1	3	1	3	3	7
0	2	8	3	6	6	4	6	6	7	3	14	11	12	18	19	1	1	1	2	2	5	4	4	2	2	2	1	2	5	2
0	2	9	4	5	6	3	6	6	5	2	14	14	11	16	21	1	1	1	4	1	4	4	6	1	1	1	1	1	1	4
0	2	4	4	7	6	3	12	10	7	3	24	11	7	23	14	1	4	1	1	1	1	1	1	4	1	1	1	1	1	4
0	1	4	2	6	4	4	9	9	6	4	22	10	8	24	13	1	1	1	1	3	2	4	3	3	1	3	1	4	3	5
0	2	7	4	6	3	5	4	5	11	2	9	13	10	18	19	1	1	1	1	3	1	7	3	1	1	5	3	3	1	9
0	3	8	3	7	8	6	6	6	5	2	16	15	8	18	19	1	1	9	1	7	4	1	7	7	4	7	1	4	7	1
0	2	7	4	7	4	3	7	6	4	3	11	13	9	18	19	1	1	1	1	9	3	5	1	5	3	5	1	1	1	7
0	1	8	3	7	3	4	6	5	9	2	12	12	10	19	18	1	1	1	1	1	1	3	3	1	5	11	1	1	3	9
0	2	7	3	6	3	5	6	6	6	2	13	12	11	17	20	1	3	1	1	3	1	4	2	6	4	3	1	4	4	4
0	1	6	4	8	4	4	7	7	9	2	14	12	10	18	19	1	1	1	1	1	1	1	5	1	1	1	1	1	1	5
0	2	9	5	6	3	4	9	5	6	2	13	13	10	18	19	1	1	1	1	5	5	5	1	5	1	1	1	8	8	1
0	1	5	2	5	7	6	6	9	7	2	23	10	9	21	16	1	1	1	1	2	2	1	3	7	2	9	1	8	6	2
0	3	8	3	5	6	5	4	6	5	1	12	13	9	20	17	1	5	1	3	3	3	14	3	1	1	5	3	5	3	5
0	2	7	4	4	3	6	5	5	7	2	11	13	11	17	20	1	1	1	1	1	1	3	1	12	1	10	1	3	3	5
0	3	8	4	6	4	4	7	4	6	2	12	13	9	19	18	1	1	1	9	1	9	9	4	6	1	6	1	9	6	6
0	2	9	3	5	4	4	6	5	5	4	12	11	12	18	19	1	1	1	3	3	3	3	1	3	5	3	1	5	3	7
0	2	7	2	6	8	6	5	6	6	2	16	14	10	17	20	1	1	4	1	7	1	1	4	9	1	7	1	4	12	4
0	1	9	4	7	7	4	6	4	7	3	14	14	12	16	21	1	1	1	1	1	11	6	3	1	1	3	1	1	6	3
0	1	6	4	4	5	4	6	6	8	2	14	14	9	19	18	1	1	1	1	1	1	1	3	11	1	13	1	3	1	1
0	2	7	3	4	4	3	5	5	9	3	8	13	11	17	20	3	3	1	1	1	1	3	5	3	3	3	1	3	1	1
0	1	10	3	6	8	3	2	5	8	2	5	15	10	16	21	1	3	1	1	1	8	5	3	1	3	5	1	3	3	5
0	1	6	2	4	8	5	7	8	7	4	22	11	12	18	19	1	1	1	1	2	4	5	4	4	3	6	1	4	5	2
0	2	6	2	6	8	4	4	5	7	3	10	14	9	17	20	1	1	1	1	7	7	7	1	4	1	7	1	4	1	4
0	1	6	2	3	5	4	6	8	7	4	19	12	11	18	19	1	2	1	1	1	2	5	1	2	1	4	1	1	4	2
0	1	7	4	8	1	5	4	3	5	1	8	12	10	18	19	1	1	1	1	1	1	11	1	11	1	1	1	1	1	1
0	3	6	3	10	6	6	4	6	6	1	15	12	9	19	18	1	1	1	1	1	4	9	7	7	4	9	4	4	4	4
0	2	7	4	8	4	5	6	9	4	2	17	13	12	17	20	1	1	1	1	1	1	1	1	8	1	8	1	1	8	8
0	3	5	2	6	4	4	9	9	4	3	25	8	7	26	11	1	4	4	1	4	1	4	1	1	1	4	1	4	1	8
0	1	3	3	5	5	3	8	8	6	3	22	9	7	24	13	1	1	1	1	4	4	6	1	6	1	6	1	4	4	1
0	3	8	4	6	3	5	4	5	7	2	10	14	10	17	20	1	4	1	1	4	1	4	1	6	1	1	1	4	4	9
0	2	6	5	7	5	5	4	5	8	2	9	13	9	19	18	1	1	1	1	1	4	4	1	6	3	6	3	4	4	6
0	3	9	4	6	4	4	5	6	6	2	10	14	9	17	20	1	4	4	1	1	4	1	1	9	1	6	1	1	1	6
0	3	8	2	5	4	4	6	4	7	2	9	13	10	17	20	4	4	1	1	1	1	1	4	4	1	4	1	1	1	10
0	1	5	5	4	2	2	3	4	6	4	7	17	10	14	23	1	1	1	1	3	1	5	1	1	3	1	1	3	1	5
0	2	9	5	3	4	3	4	4	4	5	14	14	14	13	24	1	1	1	1	1	1	1	4	9	4	4	4	1	1	6
0	1	5	3	11	3	3	6	6	7	2	11	7	4	29	8	1	1	1	2	1	2	2	1	4	1	1	1	4	2	2
0	1	7	4	4	3	3	8	5	7	4	13	13	10	19	18	1	1	1	1	5	4	5	1	2	1	2	1	5	2	5
0	3	6	3	5	5	7	7	5	7	2	15	12	9	20	17	1	6	1	4	1	4	4	1	4	9	9	6	9	9	9
0	2	12	4	3	6	2	11	5	4	4	14	14	13	14	23	1	1	1	1	6	12	12	6	1	1	1	1	1	6	6
0	1	9	3	7	5	9	6	7	10	5	20	8	8	25	12	1	1	1	1	1	1	1	10	10	10	1	1	1	1	1
0	3	3	3	6	3	4	8	11	6	4	23	8	5	28	9	1	4	1	4	1	1	1	1	1	4	4	10	1	7	1
0	2	10	3	3	3	7	7	5	4	3	13	14	14	13	24	1	1	1	1	1	1	1	1	7	13	19	1	1	1	1
0	4	6	2	8	8	4	7	6	5	3	18	11	8	23	14	5	1	1	1	1	12	5	1	1	5	8	1	5	1	5
0	2	7	3	5	3	4	6	5	11	2	10	15	7	19	18	1	1	1	1	1	3	3	1	7	5	10	1	3	3	3
0	3	9	5	5	6	6	5	3	6	3	12	17	10	14	23	1	5	1	1	5	5	1	1	9	5	9	9	1	5	5
0	2	8	2	7	5	4	5	6	10	1	10	9	9	23	14	1	1	1	1	1	4	1	4	4	1	11	1	4	1	1
0	3	5	2	6	7	4	6	7	4	4	14	12	9	20	17	3	1	1	3	1	3	3	1	3	4	6	3	7	3	3
0	1	8	2	5	4	5	4	7	7	1	10	12	12	16	21	1	1	1	1	1	10	5	1	5	1	14	1	10	1	1
0	2	8	4	5	4	4	5	8	5	4	16	11	12	18	19	1	1	1	1	1	3	3	3	1	3	6	1	5	1	5
0	1	7	3	5	3	4	6	6	6	4	14	10	10	21	16	1	3	1	1	1	3	5	3	3	5	1	1	3	1	5
0	3	8	5	7	5	3	3	4	8	3	6	16	11	14	23	1	5	1	1	5	1	1	5	5	5	1	1	1	1	12
0	2	10	3	6	6	3	4	4	5	3	7	15	13	13	24	1	4	1	1	4	10	10	4	1	1	4	1	1	1	10
0	2	8	3	4	3	4	5	6	8	3	13	13	11	17	20	1	1	1	1	1	1	5	1	1	3	5	1	3	3	10
0	2	5	3	4	5	4	6	6	11	1	10	13	9	20	17	1	1	1	1	1	3	7	1	5	3	5	1	5	3	1
0	2	9	3	3	2	4	5	5	7	3	10	12	14	15	22	1	1	1	3	1	3	3	1	6	1	1	1	3	6	6
0	2	9	5	4	2	3	2	5	11	1	5	15	13	14	23	1	1	1	1	1	5	5	1	1	1	1	5	5	1	5
0	2	7	3	8	5	4	4	6	8	2	10	13	9	18	19	1	4	1	1	1	1	8	4	8	4	4	1	1	1	4
0	3	2	3	6	4	4	11	10	6	2	23	11	4	26	11	1	1	1	1	1	1	1	5	5	1	5	1	1	8	1
0	1	6	4	3	2	5	7	4	8	5	10	14	10	16	21	1	1	1	1	1	1	1	1	1	1	6	1	10	1	10
0	2	7	4	5	3	4	5	5	9	2	10	14	10	18	19	1	4	1	1	1	1	1	1	1	1	6	1	4	4	9
0	1	5	3	5	4	4	6	5	7	3	15	12	8	21	16	1	1	1	1	2	2	1	7	1	5	2	1	7	2	2
0	1	5	3	7	7	4	12	6	7	2	23	11	7	23	14	1	1	1	1	5	1	1	5	1	1	1	1	1	5	1
0	2	6	3	11	7	3	9	3	7	2	12	13	10	18	19	1	1	1	1	1	1	4	1	1	1	4	1	4	7	7
0	3	6	3	4	4	3	9	5	8	2	12	16	6	19	18	1	1	1	1	1	1	10	1	1	1	6	1	6	1	1
0	3	8	4	6	4	3	6	5	6	4	12	14	14	12	25	1	7	1	1	4	4	7	7	4	1	4	1	1	1	4
0	1	3	3	6	5	5	13	5	10	2	24	8	3	30	7	1	1	1	1	1	1	5	5	1	1	5	1	1	8	1
0	4	3	4	5	4	3	13	8	5	2	22	10	5	26	11	1	5	1	9	5	1	1	1	5	1	1	1	5	9	1
0	1	8	3	5	4	5	7	5	8	3	10	15	13	14	23	1	1	1	1	1	4	4	1	4	1	1	1	10	4	4
0	2	5	2	7	6	3	4	5	10	1	7	12	9	20	17	1	4	1	1	1	1	1	1	1	4	1	4	1	1	1
0	4	8	4	4	5	4	7	5	4	3	13	13	10	17	20	1	1	4	7	4	4	1	1	4	1	7	1	7	7	7
0	1	6	3	6	2	3	4	6	7	3	9	10	10	21	16	1	1	1	1	3	1	3	1	3	3	1	1	5	3	1
0	2	6	4	5	2	5	5	5	4	1	12	12	7	22	15	1	1	1	1	1	1	8	1	3	3	8	1	6	1	3
0	2	8	2	4	8	4	5	3	4	3	11	16	11	14	23	1	1	4	4	1	10	7	4	1	4	12	1	1	1	4
0	2	8	4	8	7	3	3	7	6	2	11	15	11	15	22	1	1	1	1	1	7	7	1	1	1	12	1	1	1	7
0	1	6	4	3	2	2	6	4	10	2	8	10	12	18	19	1	1	1	1	1	1	1	1	1	1	1	1	8	1	4
0	3	7	4	9	6	4	5	4	8	1	10	11	10	20	17	1	1	1	1	1	1	5	1	1	5	5	1	10	10	1
0	2	9	2	9	8	2	5	5	6	2	9	10	12	19	18	4	1	1	4	4	14	14	10	1	1	1	1	4	1	1
0	1	6	4	4	2	2	4	6	9	3	8	10	11	20	17	1	1	1	1	4	1	4	1	1	1	4	1	10	1	1
0	4	4	4	3	4	6	8	6	5	3	14	16	6	19	18	3	9	1	1	4	1	1	3	4	4	10	3	3	6	3
0	2	7	3	6	6	4	6	5	5	3	13	13	10	18	19	1	1	1	1	1	5	3	1	5	1	11	1	7	3	7
0	1	6	3	5	4	5	6	4	7	2	12	12	9	20	17	1	3	1	1	1	3	1	1	3	4	6	3	3	1	1
0	2	7	3	7	4	6	5	4	7	2	11	11	9	21	16	1	5	1	1	5	5	16	1	5	1	5	1	9	1	1
0	2	6	3	5	3	8	11	4	3	3	17	14	12	15	22	1	1	7	1	1	1	13	1	1	1	7	1	19	7	1
0	6	3	2	4	4	5	14	4	6	1	25	6	3	31	6	6	1	1	1	1	1	1	6	1	1	6	6	6	6	6
0	4	3	2	4	3	6	8	10	5	3	26	6	6	30	7	1	3	1	3	1	3	3	1	8	1	6	6	8	6	3
0	3	8	4	4	3	2	5	3	10	3	6	14	11	17	20	1	3	1	1	1	1	3	3	1	3	3	1	3	1	3
0	3	9	4	5	2	5	4	4	3	3	8	16	14	11	26	1	4	4	4	4	4	7	1	4	7	7	1	4	4	7
0	2	3	3	7	4	4	9	7	6	3	24	7	7	26	11	1	1	1	1	1	1	1	4	4	1	4	4	1	4	1
0	3	7	4	11	5	3	5	6	7	3	12	14	11	16	21	1	1	1	1	1	1	1	1	9	1	1	1	1	1	1
0	1	8	1	9	7	6	7	4	8	1	14	9	10	21	16	1	1	1	1	1	9	5	9	1	5	13	1	1	1	1
0	2	5	4	4	3	5	3	6	10	2	6	15	12	15	22	1	1	1	1	4	1	4	1	9	1	6	1	11	1	9
0	2	7	2	6	3	4	7	5	7	3	12	11	10	20	17	1	1	1	1	3	3	3	3	5	3	5	1	5	3	7
0	3	7	3	6	4	3	4	6	6	2	9	12	9	20	17	1	1	4	1	1	4	7	1	1	1	4	1	4	1	7
0	2	8	3	6	5	4	4	5	6	2	11	14	11	16	21	1	4	1	1	4	1	1	7	7	4	7	1	7	4	13
0	2	4	4	11	3	2	6	5	3	2	13	9	4	28	9	1	1	1	1	1	1	11	1	1	1	1	1	1	1	1
0	2	6	3	6	4	4	8	6	8	2	13	10	9	23	14	1	7	1	1	4	1	4	1	1	4	4	1	10	4	1
0	3	6	4	5	3	6	5	3	9	2	10	11	10	20	17	4	1	4	1	1	1	1	1	6	1	18	1	9	1	6
0	2	8	4	5	4	5	4	3	8	3	7	14	9	18	19	1	1	1	4	1	1	7	7	9	4	12	1	9	4	7
0	3	4	4	4	3	3	5	9	5	2	14	10	9	22	15	1	5	1	1	1	1	9	1	1	5	9	1	5	1	1
0	4	6	3	5	2	6	2	5	6	2	8	12	10	19	18	1	1	1	4	1	1	4	1	13	4	7	1	7	1	4
0	2	6	4	4	2	4	6	5	8	2	9	12	8	21	16	1	3	1	1	8	5	3	1	6	3	5	1	3	5	5
0	1	6	3	3	1	3	5	4	6	3	7	12	10	19	18	1	1	1	1	1	1	4	1	4	4	6	1	1	1	9
0	3	6	4	5	3	5	5	6	4	3	11	14	10	18	19	3	3	1	3	1	1	8	1	3	6	3	1	6	8	6
0	1	4	2	7	5	3	6	6	8	2	12	7	3	32	5	1	1	1	1	5	7	1	3	3	3	5	1	1	3	1
0	4	3	3	4	4	4	10	8	5	2	22	10	6	25	12	1	5	1	10	5	5	1	1	5	1	1	1	10	5	1
0	2	7	2	6	3	2	6	6	8	3	10	9	10	22	15	1	1	1	1	1	1	1	1	1	4	1	1	4	1	1
0	2	9	2	8	6	6	5	7	6	2	12	11	10	20	17	1	6	1	1	1	6	6	6	10	1	6	1	1	1	1
0	2	7	2	5	9	3	5	5	8	1	9	14	9	18	19	1	1	1	1	4	4	4	1	1	4	8	1	1	4	1
0	2	5	3	7	5	4	5	8	8	2	12	11	7	23	14	1	4	1	1	1	4	4	1	1	4	7	1	4	4	1
0	3	4	4	1	2	3	4	6	14	2	7	11	9	21	16	1	1	1	1	1	1	1	1	1	1	4	1	4	1	1
0	2	8	3	7	4	4	7	4	7	2	10	13	10	18	19	1	1	1	1	1	1	5	1	1	5	1	1	5	1	5
0	2	6	2	6	6	5	4	4	10	2	8	12	9	19	18	1	1	1	1	1	10	1	5	10	1	5	1	1	1	10
0	1	9	4	5	5	4	4	3	7	2	7	14	12	16	21	1	1	1	1	1	4	4	1	4	1	10	4	1	1	4
0	2	6	4	5	4	3	4	8	8	2	11	12	8	21	16	1	1	1	1	6	1	1	1	1	1	4	1	6	1	1
0	4	8	4	5	2	4	5	3	7	2	7	13	10	18	19	1	6	1	1	1	1	4	1	1	1	14	6	1	1	6
0	2	7	4	5	3	4	4	5	7	3	8	14	11	15	22	1	1	1	1	1	4	1	1	6	6	4	1	4	1	4
0	2	9	3	5	3	3	4	4	6	3	6	13	10	17	20	1	7	1	1	1	1	4	4	4	1	1	1	4	1	7
0	1	4	6	4	3	2	7	3	10	2	7	15	10	16	21	1	1	1	1	5	1	1	1	5	1	5	1	1	1	1
0	2	4	5	5	3	5	7	2	6	2	9	14	7	20	17	1	1	1	1	8	5	5	1	8	1	5	5	12	5	1
0	2	6	3	4	5	4	7	5	7	2	10	12	7	22	15	1	1	1	3	1	3	1	3	8	1	6	1	6	4	3
0	2	8	3	5	3	4	5	4	5	3	9	12	12	16	21	1	1	1	1	1	7	1	1	7	1	1	1	7	7	7
0	3	5	3	5	3	7	4	6	7	2	10	13	9	19	18	1	1	1	1	1	1	4	1	9	4	16	1	4	1	6
0	1	5	3	6	2	4	5	5	5	4	9	12	11	18	19	1	1	1	1	1	1	1	1	9	1	9	1	5	1	5
0	1	7	3	4	2	4	5	4	4	3	7	14	13	14	23	1	1	1	1	4	1	4	1	4	4	1	1	1	1	6
0	2	6	4	6	2	2	6	7	7	2	9	12	9	20	17	1	1	1	1	1	1	9	1	5	5	5	1	1	1	9
0	1	6	2	4	5	7	3	6	8	2	10	11	7	23	14	1	1	1	1	1	5	1	1	5	5	18	1	1	1	12
0	3	5	4	3	2	3	5	5	10	3	4	13	8	19	18	1	9	1	1	1	1	1	1	5	1	9	1	1	1	5
0	1	4	3	9	6	3	4	7	7	2	11	12	8	21	16	1	1	1	1	5	1	5	1	5	1	9	1	1	1	1
0	2	5	2	4	2	4	4	6	9	2	8	12	10	20	17	1	1	1	1	1	1	7	1	7	1	4	1	1	1	1
0	2	6	4	2	1	2	4	7	8	2	5	11	9	21	16	1	1	1	1	1	1	1	1	5	1	5	1	1	1	5
1	4	8	3	6	9	2	4	6	3	2	16	17	13	12	25	1	1	1	1	1	13	7	7	1	1	1	1	1	1	1
1	4	9	3	10	7	2	6	4	5	2	11	16	10	15	22	1	1	1	4	1	15	8	4	1	1	1	1	4	1	8
1	2	8	3	6	12	4	7	6	5	2	18	19	11	11	26	1	1	1	4	1	8	8	1	1	1	1	1	1	4	8
1	7	9	3	8	7	3	10	7	6	1	26	12	12	17	20	1	1	1	5	1	1	5	10	1	1	1	1	5	1	5
1	2	8	4	6	9	2	3	4	9	4	10	18	11	12	25	1	1	1	1	1	16	3	3	5	3	1	1	1	1	7
1	2	6	2	11	11	4	7	4	6	1	19	16	11	14	23	1	1	1	6	1	11	6	16	1	1	1	1	6	1	1
1	1	11	2	6	9	1	7	5	10	2	10	17	11	13	24	1	1	1	1	1	13	1	1	1	1	1	1	1	1	7
1	1	11	3	9	8	2	7	5	5	2	14	18	14	10	27	1	4	1	1	4	12	17	1	4	4	1	1	1	1	9
1	6	10	3	7	9	2	3	4	4	2	9	19	15	7	30	1	4	4	1	1	12	6	4	1	1	4	1	1	1	17
1	2	8	4	6	8	2	12	4	6	2	16	17	12	12	25	1	1	1	3	1	4	3	4	1	4	1	1	3	3	4
1	1	11	2	13	12	2	3	6	8	2	7	22	12	7	30	1	1	1	1	1	1	7	1	1	1	1	1	1	1	7
1	1	10	3	7	8	3	5	4	5	4	15	16	15	10	27	1	1	1	1	3	5	6	3	3	5	1	1	5	3	6
1	1	10	5	6	8	3	6	2	7	4	11	17	14	11	26	1	1	1	1	1	10	12	6	1	3	1	1	1	1	6
1	2	11	4	6	8	2	6	5	8	4	14	16	14	12	25	1	1	1	3	3	13	6	1	3	1	1	3	1	3	6
1	2	10	2	7	6	2	6	4	8	2	13	14	12	16	21	1	1	1	4	4	7	7	1	1	1	1	1	4	1	14
1	2	13	2	13	12	2	3	3	5	2	6	19	17	6	31	5	1	1	1	1	12	16	22	1	1	1	1	1	1	8
1	1	9	2	10	9	3	6	5	5	4	16	14	12	15	22	1	1	1	1	1	9	6	5	1	1	1	1	1	4	6
1	1	6	5	10	9	4	6	3	5	2	17	21	7	14	23	1	1	1	1	6	1	1	17	1	1	1	1	1	1	6
1	1	11	3	7	9	3	6	3	6	3	15	15	13	12	25	1	1	1	1	1	11	10	7	1	1	2	1	1	1	2
1	3	11	3	9	14	2	5	5	6	2	8	21	11	10	27	1	4	4	1	1	18	7	12	1	1	1	1	1	1	15
1	1	7	4	8	7	4	7	5	6	3	20	14	9	18	19	1	1	1	1	1	3	5	8	3	3	1	1	8	1	1
1	6	9	4	5	8	2	4	4	6	2	8	19	14	8	29	1	4	1	1	1	7	4	4	1	1	1	1	1	1	4
1	2	7	5	8	9	6	4	5	5	4	17	16	12	13	24	1	1	1	1	1	5	1	8	5	1	1	1	12	1	5
1	1	11	3	7	8	3	5	2	8	4	11	16	14	11	26	1	1	1	1	3	15	7	3	4	1	3	3	1	4	4
1	1	10	3	14	14	1	6	3	3	1	11	19	14	8	29	1	1	1	1	1	5	14	25	1	1	5	1	1	1	1
1	1	13	3	7	9	2	3	2	6	3	5	18	18	5	32	1	1	1	1	1	13	7	7	7	1	1	1	1	1	22
1	2	10	3	7	6	2	4	6	15	1	7	14	16	10	27	1	1	1	1	1	1	6	6	1	1	1	1	1	1	6
1	2	13	2	9	13	2	2	4	6	3	6	19	15	6	31	1	3	1	1	1	13	9	16	1	3	1	3	3	1	3
1	2	11	3	10	12	3	5	2	4	4	12	17	14	9	28	1	4	1	1	4	9	9	14	1	1	6	1	4	4	1
1	3	11	2	14	15	2	4	5	3	1	13	18	13	11	26	1	4	1	1	1	14	14	23	1	1	1	1	1	1	1
1	1	5	3	12	7	1	7	4	8	1	12	15	11	15	22	1	1	1	1	1	1	9	9	1	1	1	1	1	1	1
1	2	10	3	8	8	3	5	5	6	3	14	15	14	12	25	1	1	1	1	1	5	7	9	3	3	1	1	3	1	7
1	3	14	3	9	12	2	3	4	8	2	5	22	15	4	33	1	4	1	1	1	17	9	11	4	4	1	1	4	4	9
1	3	8	3	9	10	3	4	6	8	3	12	16	11	14	23	1	4	1	1	1	12	12	6	4	1	4	1	1	1	12
1	2	8	3	8	9	3	6	3	7	2	16	15	13	12	25	1	3	1	1	1	5	5	6	1	3	1	1	1	3	6
1	1	10	3	6	12	3	4	4	7	2	12	18	11	12	25	1	1	1	1	1	16	1	16	9	1	1	1	1	1	12
1	1	12	3	9	10	4	3	4	7	3	9	17	16	8	29	1	1	1	1	1	19	8	11	8	3	1	1	3	1	8
1	1	6	2	14	12	3	5	2	5	2	14	16	11	14	23	1	1	1	1	1	5	5	20	5	1	1	1	1	5	1
1	2	7	2	9	9	3	6	4	7	3	19	13	10	17	20	1	1	1	3	3	4	10	7	3	1	1	3	3	1	7
1	2	4	3	4	2	5	11	11	5	5	34	7	6	28	9	1	1	1	1	6	1	1	1	1	1	1	1	1	6	1
1	2	9	2	11	10	3	6	3	5	1	18	14	12	15	22	1	1	4	1	1	16	6	6	4	1	1	1	6	1	6
1	2	8	3	11	10	2	8	4	7	1	15	14	10	16	21	1	4	1	1	1	9	14	11	1	1	1	1	1	1	1
1	2	5	2	8	4	4	10	11	6	3	30	8	7	25	12	1	1	3	1	1	1	7	1	5	1	3	1	1	5	1
1	2	9	4	11	14	2	5	4	5	1	16	20	12	9	28	1	1	1	1	1	8	16	12	5	5	5	5	1	1	1
1	3	13	4	13	11	3	5	4	7	1	9	19	15	7	30	1	1	1	1	1	17	14	14	1	1	1	1	1	4	7
1	3	9	2	10	11	2	6	4	5	2	12	17	13	11	26	1	1	1	4	1	11	11	15	1	1	1	1	4	1	1
1	2	14	2	11	12	3	4	4	5	2	12	17	15	10	27	1	1	1	1	1	6	6	12	1	1	1	1	1	1	1
1	12	12	4	10	7	1	1	3	5	1	12	17	13	10	27	1	1	1	1	1	1	24	1	1	1	1	1	1	1	1
1	2	18	3	8	11	4	5	2	4	3	6	19	21	1	36	1	1	1	1	1	28	22	5	5	1	1	1	1	1	9
1	2	10	3	9	8	3	3	4	9	2	7	17	13	11	26	1	3	1	6	1	13	13	10	1	3	1	1	3	1	8
1	2	9	3	7	9	2	7	3	10	3	9	18	10	13	24	1	1	1	1	1	23	13	1	1	1	1	1	1	1	7
1	2	10	2	8	10	2	6	4	7	2	10	18	14	9	28	1	4	1	1	4	12	6	1	1	1	1	1	1	1	6
1	2	9	4	8	7	4	4	4	6	4	14	15	12	15	22	1	2	1	1	2	4	2	4	1	2	1	1	4	2	10
1	2	12	3	11	12	3	6	7	9	1	11	17	14	10	27	1	1	1	3	1	18	16	12	1	1	1	1	3	1	5
1	3	10	3	4	6	5	7	4	10	3	13	17	10	14	23	1	1	1	1	1	12	1	1	1	1	1	1	1	1	1
1	1	8	4	6	5	3	7	3	5	5	17	15	10	16	21	1	1	1	1	1	3	1	7	1	3	3	1	1	5	9
1	1	11	2	7	10	3	4	5	7	2	12	19	13	9	28	1	1	1	1	1	8	6	5	1	3	2	1	3	2	5
1	2	10	3	8	10	3	4	5	7	2	12	20	13	9	28	1	1	1	1	2	10	12	4	1	2	2	1	2	2	11
1	2	7	4	8	8	4	8	5	5	2	16	16	11	14	23	1	1	1	5	7	10	5	4	4	5	2	1	5	1	4
1	2	9	3	8	8	3	4	4	5	4	12	17	12	11	26	1	2	1	1	2	11	7	8	7	1	2	1	2	1	8
1	2	11	3	10	10	3	4	4	6	1	11	18	14	9	28	1	1	1	4	1	12	12	9	3	1	3	1	3	1	9
1	1	10	3	11	9	2	8	3	6	2	15	15	12	13	24	1	1	1	1	1	13	7	9	7	1	1	1	1	3	3
1	3	9	3	11	11	2	4	4	5	1	10	18	13	10	27	1	1	1	4	1	16	11	11	1	1	4	1	1	1	11
1	1	13	3	8	9	3	4	3	6	4	10	17	15	9	28	1	1	1	1	3	18	13	9	3	1	3	3	6	3	9
1	1	10	5	8	6	4	3	5	4	4	10	17	13	11	26	1	1	1	1	7	11	11	1	4	1	4	1	4	1	7
1	2	9	3	7	8	3	4	5	6	2	12	15	13	13	24	1	1	1	1	1	11	4	4	4	1	4	1	1	4	8
1	3	7	2	7	8	3	3	6	7	3	12	15	8	18	19	1	1	1	4	1	8	1	1	1	4	1	1	4	4	1
1	1	6	3	10	11	3	7	6	6	1	18	14	9	18	19	1	1	1	1	1	11	8	1	4	1	1	1	4	1	1
1	1	7	3	10	9	4	7	3	6	1	17	15	10	17	20	1	1	1	1	1	11	4	8	4	1	1	1	1	1	4
1	2	14	2	7	8	3	5	5	6	3	8	16	17	8	29	1	5	1	1	1	16	16	1	1	1	1	1	5	1	9
1	4	6	3	10	4	5	8	6	8	3	21	8	9	24	13	1	1	1	1	1	1	1	5	10	1	5	1	1	5	1
1	1	5	3	6	9	6	9	2	9	2	15	19	5	18	19	1	1	1	1	1	6	6	6	6	10	1	1	6	1	1
1	1	10	2	11	11	4	5	4	7	3	14	18	13	10	27	1	1	1	1	1	8	13	16	3	3	3	1	3	3	3
1	1	8	1	9	11	3	6	5	7	2	15	15	11	15	22	1	1	1	1	1	9	4	9	4	1	1	1	1	4	11
1	7	5	4	7	6	4	6	5	7	3	14	13	9	19	18	1	1	1	1	5	5	1	5	1	5	1	5	1	1	5
1	1	10	2	9	8	5	3	8	10	2	15	15	13	14	23	1	1	1	1	1	6	6	6	1	1	1	1	1	1	1
1	2	10	5	8	6	2	4	4	6	2	8	16	13	12	25	1	1	1	1	5	5	9	5	1	1	5	1	1	1	5
1	1	9	2	6	6	5	3	4	11	1	7	16	12	14	23	1	1	1	1	1	4	1	1	6	4	1	1	4	4	14
1	2	12	4	8	9	5	4	4	6	3	12	15	14	12	25	1	1	1	1	5	13	13	9	5	1	5	1	5	5	9
1	2	11	2	10	11	4	3	5	8	2	9	16	14	11	26	1	1	1	1	1	15	6	10	5	3	3	1	3	3	3
1	3	8	3	10	15	1	4	1	6	2	4	22	12	8	29	1	1	1	1	7	13	7	24	1	1	1	1	1	1	7
1	2	7	2	8	9	2	7	4	5	2	12	14	11	16	21	1	1	1	1	3	3	5	13	5	1	1	1	5	1	3
1	2	11	4	8	8	2	4	3	9	3	6	17	14	10	27	1	1	1	1	1	13	1	1	1	7	1	1	1	1	13
1	3	12	4	10	8	3	3	4	9	2	7	17	12	12	25	1	1	1	1	1	13	13	1	1	1	1	1	1	1	9
1	1	8	2	6	14	9	3	6	5	2	20	21	11	9	28	1	1	1	1	1	15	8	1	1	1	15	1	1	1	1
1	3	8	3	9	12	2	6	4	8	1	9	18	11	13	24	1	1	1	1	1	1	5	13	5	1	1	1	1	1	1
1	2	10	4	8	7	2	6	5	8	3	11	18	14	10	27	1	1	1	1	6	15	6	10	1	1	1	1	1	1	15
1	6	9	2	6	9	2	3	4	7	1	9	15	12	15	22	1	9	1	1	1	5	9	1	1	1	1	1	1	1	5
1	2	8	4	7	8	3	4	4	10	2	13	14	12	15	22	1	1	1	1	7	4	1	10	1	1	7	1	1	1	7
1	1	6	2	8	7	5	8	8	6	3	25	10	12	19	18	1	1	1	1	2	4	8	7	5	1	5	1	4	4	3
1	1	14	4	6	11	3	5	4	6	4	10	20	14	7	30	1	1	1	1	2	17	8	4	2	1	2	1	4	1	10
1	2	12	3	7	9	2	3	4	5	3	10	17	14	9	28	1	1	1	1	1	7	7	3	1	1	3	1	3	1	7
1	1	10	2	11	9	3	6	5	6	2	15	15	12	14	23	1	1	1	1	1	9	17	11	5	1	1	1	3	3	1
1	1	11	1	14	10	5	5	4	6	1	12	15	14	12	25	1	1	1	1	3	13	13	8	3	6	3	1	1	3	6
1	1	10	3	8	8	3	7	4	6	3	16	15	12	14	23	1	1	1	1	2	7	7	5	1	1	1	1	5	1	6
1	2	10	2	8	8	3	8	5	4	3	17	13	13	15	22	1	4	1	1	1	11	11	11	1	1	6	1	1	1	6
1	2	7	3	9	9	3	4	6	8	2	12	15	13	13	24	1	1	1	4	1	4	4	9	4	1	4	1	1	4	1
1	1	9	2	8	9	4	7	7	7	4	18	13	13	15	22	1	1	1	1	3	5	12	8	2	2	3	2	4	2	3
1	2	12	4	8	11	2	3	4	6	4	10	19	16	7	30	1	4	1	1	1	7	7	13	4	1	7	1	1	1	13
1	3	6	4	7	5	4	6	4	5	5	17	11	11	19	18	4	1	1	1	4	4	7	4	4	1	4	1	7	1	1
1	1	3	1	9	2	4	9	9	6	2	36	2	3	36	1	1	1	1	1	1	1	4	1	8	1	1	1	1	1	4
1	2	8	3	10	11	2	5	6	5	1	14	16	12	13	24	1	1	1	1	1	11	8	8	4	1	1	1	4	1	1
1	2	15	3	7	8	3	3	4	7	2	9	15	17	9	28	1	1	1	1	1	13	11	6	4	3	1	1	1	1	10
1	1	9	2	8	9	4	7	7	7	4	18	14	12	15	22	1	1	1	1	1	6	10	7	2	2	3	2	4	2	5
1	1	9	2	9	5	2	6	8	9	3	19	8	12	21	16	1	1	1	1	3	6	8	6	2	1	3	1	2	1	1
1	2	9	3	8	6	2	7	4	8	3	12	14	13	14	23	1	5	1	1	1	5	5	5	1	1	1	5	1	9	9
1	6	4	4	8	3	4	6	6	5	3	17	11	6	24	13	1	5	1	1	1	5	1	1	5	1	1	1	1	5	5
1	1	8	4	9	7	3	4	3	6	4	14	15	12	14	23	1	1	1	1	3	6	10	8	3	3	1	1	3	1	8
1	3	11	1	7	9	2	5	5	9	1	7	17	13	11	26	1	6	1	1	1	6	1	1	6	1	6	1	1	1	10
1	1	11	4	7	9	3	6	3	12	1	8	16	12	13	24	1	1	1	1	6	6	6	6	6	1	6	1	1	1	6
1	1	5	2	8	6	4	9	10	6	4	26	11	8	23	14	1	1	1	2	1	4	4	8	5	1	3	1	3	5	1
1	4	11	3	7	10	2	4	4	5	5	7	17	14	10	27	1	1	1	1	1	13	3	13	3	1	1	1	3	1	11
1	2	10	2	9	10	4	3	8	9	2	11	17	14	10	27	1	1	1	1	1	6	17	6	1	1	1	1	1	1	1
1	2	13	3	10	11	4	2	6	9	2	8	18	15	9	28	1	1	1	1	1	1	17	11	1	1	1	1	6	1	1
1	1	10	3	9	8	2	4	4	5	4	14	15	13	13	24	1	1	1	1	3	13	15	5	1	1	1	1	1	3	11
1	2	5	2	7	7	2	5	7	7	4	16	11	11	19	18	1	1	1	1	2	6	6	2	2	3	2	1	3	1	2
1	1	9	3	9	10	3	5	4	7	3	12	17	13	11	26	1	1	1	1	1	21	7	7	1	1	1	1	5	1	1
1	2	9	2	8	10	3	5	5	5	2	16	15	13	13	24	1	1	1	2	1	7	6	5	6	4	1	1	1	2	4
1	2	9	4	7	8	5	6	7	4	2	19	15	12	14	23	1	2	2	2	1	9	9	5	5	2	4	1	5	4	5
1	2	10	5	6	6	5	6	4	4	3	14	19	12	10	27	1	3	1	3	1	9	3	1	7	3	1	1	3	1	1
1	3	10	3	11	8	3	6	5	8	3	13	15	13	14	23	1	1	1	1	1	9	1	17	1	1	1	1	1	1	1
1	1	14	3	8	15	4	5	4	3	2	10	22	15	4	33	1	1	1	1	1	10	1	19	6	1	1	1	6	1	10
1	2	8	4	13	10	3	3	6	5	2	11	17	13	11	26	4	1	1	1	1	7	4	11	1	1	1	1	1	1	1
1	2	10	2	6	7	3	5	6	11	1	15	14	11	17	20	1	1	1	1	1	18	4	4	1	1	8	1	4	1	8
1	1	12	3	11	11	2	6	7	10	1	8	18	13	9	28	1	1	1	1	1	1	19	19	1	1	1	1	1	1	13
1	6	11	2	8	10	4	4	2	7	3	6	14	13	13	24	1	9	5	1	1	26	13	5	9	1	1	1	13	5	5
1	3	11	2	9	11	3	4	4	6	2	9	15	11	15	22	1	1	1	1	1	7	7	13	1	1	1	1	1	1	7
1	1	8	5	6	3	4	4	5	6	6	13	15	13	13	24	1	1	1	1	1	5	13	1	5	1	1	1	5	1	5
1	2	11	5	8	6	3	4	5	4	3	12	15	14	12	25	1	6	1	1	1	6	20	6	1	1	1	1	1	1	6
1	1	13	3	6	11	2	2	4	10	3	7	16	15	9	28	1	1	1	1	1	17	12	1	6	1	1	1	1	1	1
1	2	9	3	9	9	2	4	5	8	2	8	16	12	13	24	1	1	1	1	1	16	8	5	5	1	1	1	5	1	8
1	2	9	2	7	11	3	5	5	8	2	12	16	12	13	24	1	1	1	1	1	12	4	1	4	1	1	1	7	1	10
1	1	17	2	11	9	3	1	5	9	1	5	11	21	8	29	1	1	1	1	1	14	14	14	1	1	1	1	8	1	8
1	2	10	2	10	7	2	3	4	7	2	7	17	13	11	26	1	1	1	1	1	4	4	13	1	1	1	1	1	1	10
1	1	11	2	9	7	2	7	6	8	2	11	13	12	16	21	1	4	1	1	1	7	4	1	1	1	1	1	4	1	13
1	1	12	3	7	10	3	3	4	7	3	5	20	14	7	30	1	1	1	1	1	11	11	7	3	3	3	1	5	1	15
1	1	8	2	9	8	4	5	5	4	3	15	14	12	14	23	1	1	1	1	1	4	11	9	9	4	4	1	1	1	9
1	3	5	3	10	8	3	9	5	8	4	16	13	6	22	15	1	1	1	1	1	9	4	1	4	4	1	1	4	6	1
1	1	10	2	12	12	2	5	3	8	1	10	19	13	8	29	1	1	1	1	1	12	12	10	4	1	1	1	1	1	10
1	2	15	3	4	7	2	4	4	7	2	6	19	15	7	30	1	1	1	1	1	14	10	1	2	1	1	1	1	1	7
1	3	4	2	7	5	6	7	7	7	2	20	8	7	26	11	1	7	1	4	1	1	1	4	4	4	7	1	7	1	1
1	1	9	4	10	5	2	8	3	7	1	10	16	13	13	24	1	1	1	1	1	5	9	1	1	1	1	1	5	1	5
1	3	9	3	7	6	4	3	4	7	3	8	18	10	13	24	1	1	1	5	1	1	13	5	1	5	1	1	13	1	9
1	2	7	4	7	8	4	6	5	5	2	17	15	11	14	23	1	1	1	3	1	5	3	11	1	1	5	1	5	3	3
1	2	14	3	5	7	3	3	4	7	2	7	19	15	7	30	1	1	1	1	1	16	10	1	5	1	1	1	2	1	8
1	3	9	2	11	10	1	6	7	7	1	15	15	13	13	24	1	1	1	1	1	10	5	10	1	1	1	1	1	1	5
1	2	11	3	5	5	3	3	6	9	2	9	16	12	13	24	1	1	1	1	8	3	1	3	3	1	3	1	1	1	12
1	2	10	3	7	10	3	4	3	7	3	10	16	12	13	24	1	1	1	1	1	9	6	3	1	1	3	1	3	1	6
1	2	11	2	7	11	3	3	4	6	2	11	16	14	11	26	1	6	1	1	1	11	3	11	3	1	3	1	1	1	1
1	1	5	3	6	4	4	9	7	6	5	22	11	8	22	15	1	1	2	1	3	5	5	2	2	2	4	1	7	7	1
1	2	9	6	4	8	6	7	3	2	2	17	17	14	9	28	1	1	1	1	7	7	1	12	18	1	7	1	7	7	7
1	2	10	3	9	9	3	6	4	8	1	10	16	12	12	25	1	1	1	4	1	10	4	1	1	1	1	1	1	4	10
1	4	10	3	9	6	3	5	4	9	2	9	14	11	16	21	1	1	1	1	1	13	7	7	1	1	1	1	7	7	1
1	1	8	3	7	8	3	7	5	7	3	14	15	10	16	21	1	1	1	1	1	4	4	4	1	3	3	1	1	3	1
1	1	6	6	5	7	5	5	6	6	5	19	16	11	14	23	1	1	1	1	5	3	3	9	7	3	3	1	3	5	9
1	1	13	3	9	7	3	4	3	7	2	10	15	15	11	26	1	1	1	1	1	10	10	5	5	3	7	1	3	1	12
1	2	8	3	10	7	3	8	7	4	1	17	16	11	14	23	1	1	1	1	1	1	14	7	4	4	1	1	1	1	1
1	5	8	4	8	7	2	4	5	8	4	11	15	11	15	22	4	1	1	1	4	4	4	6	1	1	1	1	1	1	4
1	1	14	3	12	11	2	4	5	6	1	10	17	16	8	29	1	1	1	1	1	15	21	10	1	1	1	1	1	1	15
1	2	7	3	6	7	4	4	7	4	4	18	13	11	17	20	1	2	1	1	3	3	6	2	2	8	3	1	2	3	1
1	2	6	3	6	5	4	7	7	5	5	21	9	12	21	16	1	1	1	1	1	1	1	1	1	1	4	1	1	1	1
1	1	14	2	5	11	4	5	2	9	2	10	17	15	9	28	1	1	1	1	1	11	1	21	1	1	1	1	1	1	1
1	3	8	3	10	10	2	3	5	10	1	8	16	12	13	24	1	3	1	1	3	12	12	10	3	1	3	1	1	1	3
1	1	7	3	8	7	5	4	8	9	2	13	14	9	17	20	1	1	1	1	7	7	4	4	1	9	1	1	1	4	1
1	3	9	3	5	7	4	4	4	6	3	11	15	12	15	22	1	1	1	1	1	13	1	4	1	7	4	1	4	1	1
1	2	11	3	10	10	2	5	3	8	1	9	17	13	11	26	1	1	1	3	3	16	13	8	1	6	1	1	3	1	6
1	1	11	3	5	6	5	2	1	12	5	3	20	10	11	26	1	1	1	1	1	12	1	1	1	1	1	1	1	1	12
1	1	10	4	9	11	4	6	5	5	2	14	16	13	13	24	1	1	1	1	1	8	12	5	1	1	1	1	8	1	5
1	2	4	3	11	6	5	7	8	7	4	24	9	3	28	9	7	1	1	1	1	1	1	7	7	1	7	1	13	1	1
1	4	9	3	10	8	3	7	6	6	2	14	15	10	16	21	5	1	1	5	1	12	12	8	1	1	1	1	1	1	8
1	2	10	2	14	11	1	3	3	4	1	8	16	13	11	26	1	7	1	1	1	13	10	15	1	1	1	1	4	1	10
1	1	12	3	9	8	3	4	4	10	3	11	15	13	13	24	1	1	1	1	1	16	11	6	4	4	1	1	6	1	9
1	2	8	2	6	8	2	7	7	9	2	18	12	8	21	16	1	1	1	1	1	5	1	1	5	1	1	1	1	1	1
1	2	14	1	11	16	1	2	4	6	1	4	20	17	4	33	1	1	1	1	1	29	15	20	1	1	1	1	1	6	11
1	2	11	5	8	8	4	7	2	6	2	14	16	14	11	26	1	1	1	1	1	9	1	9	9	9	1	1	1	9	9
1	1	12	2	8	11	4	3	4	6	2	7	18	14	8	29	1	1	1	1	3	12	8	17	5	1	3	1	6	3	3
1	1	7	2	8	7	4	8	5	10	2	15	14	9	18	19	1	1	1	3	3	5	8	3	3	3	1	3	3	8	1
1	1	10	2	6	7	3	7	4	11	2	9	16	12	13	24	1	1	1	1	1	10	5	1	5	1	5	1	1	1	5
1	1	7	3	9	8	4	7	6	6	1	16	14	10	18	19	1	1	1	1	6	6	1	6	3	1	1	1	1	3	6
1	3	4	4	5	4	4	8	8	3	3	19	14	6	21	16	1	1	1	3	3	6	3	1	1	3	3	1	1	6	3
1	2	14	3	10	6	2	6	2	7	2	8	15	14	12	25	1	1	1	3	1	8	20	8	1	3	3	1	3	1	8
1	2	10	3	8	6	3	6	4	6	2	13	16	12	13	24	1	1	3	1	1	6	11	1	6	1	1	1	1	1	6
1	1	10	5	5	5	3	2	5	9	1	8	17	13	11	26	1	1	1	1	1	7	4	1	1	1	7	1	1	4	11
1	2	8	3	9	9	2	7	5	6	1	16	15	12	14	23	1	1	1	4	1	7	11	7	4	1	1	1	1	1	1
1	3	8	4	5	4	4	4	5	9	2	10	13	11	18	19	1	1	1	1	5	5	5	1	5	1	1	1	5	1	17
1	2	9	4	8	7	3	5	4	7	3	14	16	12	13	24	1	5	1	1	5	7	13	3	3	3	3	1	5	3	1
1	2	8	3	8	8	4	3	6	7	3	12	14	11	16	21	1	1	1	1	1	1	6	3	6	1	6	1	3	1	6
1	2	6	4	6	3	6	6	7	6	4	21	11	9	21	16	1	1	1	1	3	1	6	3	3	1	3	3	2	6	5
1	2	10	3	8	6	4	6	5	8	2	11	13	12	16	21	1	1	1	1	1	6	1	4	1	4	4	1	1	4	6
1	4	7	3	7	7	4	4	5	7	1	9	17	12	12	25	1	4	1	4	1	4	1	1	6	4	1	1	14	1	4
1	1	6	3	5	7	4	7	7	5	5	21	12	10	19	18	1	1	1	4	1	2	4	7	2	1	5	1	2	4	1
1	2	10	2	9	10	3	5	4	6	2	9	15	14	12	25	1	1	1	4	7	9	4	12	1	4	4	1	4	1	7
1	1	9	4	11	9	3	2	5	9	2	6	17	14	10	27	1	1	1	1	1	4	10	7	1	1	1	1	7	1	1
1	2	10	4	6	5	4	4	4	7	3	10	15	12	14	23	1	3	1	1	1	1	7	1	5	1	3	3	5	3	11
1	1	7	3	11	9	3	8	4	3	1	15	15	12	14	23	1	1	1	1	1	10	4	16	1	1	7	1	4	1	7
1	3	12	2	10	8	2	2	5	6	2	7	17	13	12	25	1	3	1	1	1	5	5	16	3	3	1	5	1	1	14
1	3	10	3	9	7	3	6	4	6	1	8	15	12	14	23	1	1	1	1	4	7	14	7	1	1	1	1	1	1	11
1	2	6	3	6	6	5	7	7	6	3	24	11	9	22	15	1	2	1	1	4	3	5	3	5	9	4	1	2	5	4
1	2	10	3	7	10	3	3	6	4	2	10	17	14	10	27	1	1	1	3	3	8	12	6	1	1	1	1	1	1	8
1	3	9	4	9	9	3	4	6	9	1	10	15	12	15	22	1	1	3	3	3	18	18	10	3	1	3	1	1	1	8
1	1	13	2	8	11	3	4	4	7	2	7	19	15	7	30	1	1	1	1	1	12	15	14	3	1	1	1	3	1	5
1	3	5	3	7	4	3	6	7	6	2	18	11	10	20	17	1	5	1	5	1	5	8	5	1	1	1	1	1	1	8
1	2	4	3	7	5	4	9	10	5	4	30	7	5	29	8	1	3	1	1	1	3	1	1	3	1	3	3	5	3	1
1	4	9	5	9	10	3	3	6	5	2	7	16	12	13	24	1	1	1	1	1	9	17	1	1	9	1	1	1	1	9
1	2	6	2	10	8	2	8	3	8	2	10	15	9	17	20	1	5	1	1	3	11	5	3	3	1	1	1	1	1	7
1	2	10	3	7	9	2	4	5	4	2	11	15	12	14	23	1	3	1	1	1	11	6	9	1	1	1	1	1	3	4
1	2	9	4	4	6	3	4	4	11	2	6	14	11	16	21	1	1	4	1	1	4	7	4	4	1	1	1	4	1	4
1	1	11	4	7	10	3	2	2	5	2	13	17	14	11	26	1	1	1	1	6	10	10	6	1	6	1	1	1	1	6
1	2	2	2	5	3	6	10	10	6	5	29	7	5	29	8	1	1	1	3	1	1	1	5	11	3	5	1	1	9	3
1	2	6	4	4	4	4	7	6	6	3	18	14	9	18	19	1	1	1	1	6	4	4	1	4	1	4	1	6	1	6
1	1	13	3	9	9	3	5	4	6	2	11	15	13	13	24	1	1	1	1	1	12	3	14	5	3	8	1	8	1	14
1	3	11	4	5	5	4	4	7	7	3	10	13	13	15	22	1	1	1	1	1	7	7	1	7	1	7	1	7	1	7
1	2	9	3	6	4	4	5	6	7	3	15	14	12	16	21	1	1	1	1	3	5	10	1	3	5	3	1	5	1	7
1	2	8	4	6	7	4	4	6	10	1	11	16	11	14	23	1	1	1	1	4	6	4	1	1	4	4	1	11	4	4
1	3	6	3	9	7	2	7	4	4	1	12	15	9	17	20	1	1	1	5	1	5	8	8	5	1	1	5	5	1	1
1	1	9	2	9	9	3	3	4	7	2	12	14	12	15	22	1	1	1	1	1	8	6	11	3	1	1	1	1	3	8
1	1	4	3	5	5	4	9	10	4	2	30	11	8	22	15	1	1	1	1	4	1	1	1	4	1	7	1	1	4	1
1	1	8	3	9	8	4	4	5	7	2	10	15	11	15	22	1	1	1	1	4	9	7	9	1	9	1	1	1	4	4
1	1	2	6	3	4	10	10	8	4	2	38	10	5	26	11	1	1	1	1	1	1	1	4	8	1	15	1	4	13	1
1	2	9	4	8	5	5	3	5	6	2	11	16	12	14	23	1	3	1	1	1	1	1	8	5	8	8	1	3	1	18
1	3	6	3	4	7	5	10	7	5	2	20	13	8	20	17	1	1	3	6	6	8	3	3	3	1	6	6	10	3	1
1	2	8	3	9	8	3	7	5	8	2	14	13	8	19	18	1	3	1	3	1	11	8	8	1	1	1	1	3	1	1
1	2	10	1	9	10	1	4	6	10	1	12	13	13	14	23	1	1	1	1	1	3	3	11	3	1	1	1	1	1	6
1	1	11	3	8	4	5	9	7	9	1	17	10	13	18	19	1	1	1	1	1	1	6	6	1	1	6	1	1	6	1
1	1	10	3	5	5	2	6	3	9	3	8	15	12	14	23	1	1	1	1	1	6	1	1	2	2	1	2	4	2	15
1	1	9	3	10	8	4	3	3	9	2	6	15	14	12	25	1	4	1	1	1	4	7	4	4	1	1	1	4	1	10
1	3	9	3	7	6	4	6	5	7	1	11	14	12	15	22	1	1	1	3	1	3	3	3	3	1	7	1	1	1	9
1	3	9	2	9	8	4	5	4	8	1	14	10	14	17	20	1	4	1	1	4	4	7	4	1	1	1	1	4	4	1
1	1	11	3	9	9	5	2	4	8	3	8	16	12	13	24	1	1	1	1	1	17	4	7	4	4	7	1	1	1	7
1	2	7	3	7	6	8	5	5	7	1	16	12	9	20	17	1	1	1	1	4	4	1	8	4	1	4	1	8	4	8
1	2	9	5	9	8	2	3	4	10	2	6	17	13	11	26	1	1	1	1	5	5	1	12	5	1	1	1	1	1	5
1	1	17	3	1	3	1	2	2	9	4	1	14	15	12	25	1	1	1	1	1	1	1	1	1	1	1	1	1	1	20
1	3	8	5	7	5	4	5	6	6	2	13	13	10	18	19	1	5	5	1	5	9	5	1	5	1	1	1	5	1	1
1	1	10	1	14	9	3	2	4	7	1	6	13	15	13	24	1	1	5	1	1	10	26	10	1	5	10	1	1	1	5
1	1	10	3	10	10	4	4	6	9	2	12	16	12	13	24	1	1	1	1	1	24	7	16	1	1	7	1	7	1	7
1	1	8	2	6	7	3	4	4	10	2	10	15	11	15	22	1	1	1	1	1	8	1	3	3	1	1	1	1	3	3
1	3	8	3	11	12	1	2	4	7	1	11	18	14	9	28	1	1	1	1	1	11	1	16	1	1	1	1	1	1	6
1	2	5	3	7	8	6	7	7	10	1	17	12	7	23	14	1	1	1	1	1	1	6	6	6	1	1	1	6	6	1
1	3	8	5	8	8	4	4	6	4	3	13	13	9	19	18	1	6	1	1	1	1	6	6	11	6	6	1	1	1	1
1	2	9	4	6	2	7	5	5	5	2	13	17	11	13	24	1	3	2	1	2	1	5	1	7	1	7	1	8	4	10
1	2	5	2	6	8	2	5	5	5	4	8	12	6	23	14	1	1	1	1	1	6	6	6	1	1	1	1	1	6	1
1	2	10	2	6	10	3	4	4	6	4	11	15	12	14	23	1	1	1	1	1	12	6	4	3	1	1	1	3	1	6
1	1	6	2	6	5	3	6	5	10	2	15	12	8	21	16	1	1	1	1	1	1	1	1	5	5	5	1	1	1	5
1	2	10	4	6	8	3	3	6	4	2	12	15	13	13	24	1	1	1	1	1	6	12	1	6	1	1	1	3	3	6
1	1	3	4	7	4	5	8	8	6	2	28	10	8	23	14	1	1	1	1	4	1	1	1	4	1	4	1	4	4	1
1	1	10	2	8	8	2	2	6	10	3	8	15	11	15	22	1	1	1	1	1	12	12	8	3	3	1	1	3	1	8
1	2	6	3	4	1	5	12	7	5	2	25	4	12	24	13	1	1	1	6	3	1	6	1	3	6	3	1	1	1	1
1	1	9	1	8	7	3	3	4	10	1	9	12	9	20	17	1	1	1	1	1	6	1	6	1	1	1	1	1	1	1
1	3	10	4	9	7	2	3	6	7	1	9	16	11	14	23	1	1	1	1	1	1	1	1	1	1	1	5	1	1	9
1	3	10	3	7	4	3	7	4	8	1	11	12	12	17	20	1	6	1	1	1	9	9	4	6	3	1	1	1	1	3
1	3	11	3	10	5	3	6	4	7	1	11	11	10	20	17	1	1	1	1	1	6	6	16	1	6	1	1	1	1	1
1	1	3	4	5	4	5	8	7	7	2	26	10	7	24	13	1	1	1	1	4	1	1	1	4	1	7	1	4	1	1
1	1	3	4	5	4	5	8	7	7	2	26	10	7	24	13	1	1	1	1	4	1	1	1	4	1	7	1	4	1	1
1	1	11	3	9	11	2	3	5	7	2	8	16	12	13	24	1	1	1	1	1	10	10	7	1	1	4	1	1	1	7
1	2	7	1	6	7	3	9	5	11	1	11	13	10	19	18	1	1	1	5	1	5	1	1	5	1	5	1	1	1	10
1	2	9	5	8	8	4	4	5	7	1	11	16	10	14	23	1	1	1	1	1	3	8	8	1	1	3	1	3	1	8
1	3	9	3	8	8	4	5	7	4	1	12	16	11	15	23	1	4	1	1	1	7	4	4	4	1	7	1	1	1	7
1	1	12	3	7	3	7	6	7	6	1	15	13	17	11	26	1	1	1	1	13	5	13	1	1	1	9	1	5	5	5
1	2	11	5	8	9	4	5	3	5	2	10	16	14	11	26	1	1	1	1	1	10	8	8	1	3	3	1	1	1	10
1	2	12	4	9	9	2	4	3	6	1	8	16	13	11	26	1	1	1	8	3	13	10	10	1	1	6	1	1	1	10
1	2	9	4	5	11	4	5	2	10	1	11	16	11	14	23	1	1	1	1	1	1	7	1	1	1	1	1	7	1	1
1	2	7	6	5	9	4	6	5	5	1	10	15	12	14	23	1	1	8	1	1	8	1	14	1	8	1	1	1	8	1
1	2	6	4	4	4	3	7	3	4	2	6	17	11	14	23	1	1	1	1	1	1	1	1	8	8	14	1	1	1	8
1	1	11	2	8	8	3	5	4	8	1	12	13	13	14	23	1	1	1	1	1	8	15	10	3	1	1	1	3	1	6
1	1	11	3	4	5	4	4	4	6	3	7	16	13	12	25	1	1	1	1	1	8	5	2	9	1	5	1	6	2	8
1	2	9	5	4	4	3	4	3	9	4	9	16	11	14	23	1	1	2	1	2	4	7	1	2	1	5	1	2	1	11
1	2	9	3	3	3	4	3	3	7	5	7	13	10	17	20	1	1	3	1	1	4	1	1	3	4	7	1	1	3	7
1	2	11	3	8	5	4	7	4	8	2	12	13	14	15	22	1	4	4	4	1	1	1	4	1	6	6	1	1	1	6
1	2	8	3	5	6	6	8	4	6	2	18	13	9	19	18	1	1	1	1	1	4	7	1	7	1	9	1	4	4	4
1	1	10	4	8	8	3	5	3	6	2	8	16	13	12	25	1	1	1	1	1	10	6	6	6	3	6	1	6	1	6
1	3	9	3	7	9	3	4	5	8	2	9	15	10	16	21	1	1	1	1	1	13	6	6	1	1	1	1	1	1	3
1	1	9	1	8	9	3	4	6	8	3	13	14	12	14	23	1	1	1	1	1	8	3	6	1	6	3	1	3	1	6
1	1	11	3	3	6	3	4	4	6	2	6	17	14	10	27	1	1	1	1	1	9	6	1	5	1	2	1	5	2	8
1	1	9	2	8	7	3	6	5	8	1	12	14	10	17	20	1	1	1	1	1	8	11	8	4	8	4	1	8	1	11
1	1	10	3	9	6	3	5	4	10	2	11	15	10	16	21	1	1	1	1	1	1	14	1	8	4	1	1	8	1	1
1	1	10	2	8	7	4	4	6	6	4	12	14	13	14	23	1	1	1	1	1	13	3	15	1	3	7	3	3	3	17
1	1	11	3	11	10	3	2	4	7	1	7	17	12	13	24	1	1	1	1	1	18	18	11	4	1	4	1	4	1	8
1	3	10	4	7	6	4	5	7	7	2	14	15	11	16	21	1	4	4	1	1	4	8	1	4	1	1	1	1	4	1
1	1	6	4	4	2	5	5	5	8	5	12	12	10	19	18	1	1	1	1	1	1	3	3	5	1	8	1	8	1	3
1	1	9	3	8	11	5	9	5	5	2	17	16	11	14	23	1	1	1	1	6	15	3	13	6	1	6	1	3	3	3
1	2	9	2	10	9	3	6	6	8	2	12	14	12	15	22	1	1	1	1	1	14	9	9	1	1	1	1	4	1	1
1	2	8	2	5	4	3	8	3	10	2	11	13	10	19	18	1	4	1	4	1	4	1	1	6	1	1	1	4	6	6
1	3	10	3	8	8	3	3	4	6	1	10	16	13	12	25	1	1	4	1	1	6	9	1	4	1	1	1	6	1	4
1	2	7	4	8	5	4	5	3	6	3	10	13	12	16	21	1	1	1	1	4	4	4	1	7	1	1	1	4	1	9
1	3	5	3	6	6	1	11	8	7	2	19	11	7	23	14	1	1	1	3	3	6	3	1	1	3	1	1	1	1	1
1	1	12	3	7	4	3	2	5	5	1	4	17	13	11	26	1	1	1	1	1	7	4	1	1	1	4	1	1	1	7
1	4	9	4	7	10	4	3	4	11	2	6	15	10	16	21	1	4	1	1	1	13	4	10	7	1	1	1	1	4	1
1	2	8	5	6	8	5	4	5	9	3	10	16	12	13	24	1	7	4	1	4	7	1	11	7	1	7	1	4	1	1
1	1	10	4	5	8	3	4	5	8	2	8	17	11	13	24	1	1	1	1	1	14	4	1	4	4	1	1	1	4	14
1	2	10	3	7	8	3	5	5	9	2	10	14	12	15	22	1	1	1	1	1	7	1	4	1	1	7	1	4	1	7
1	2	6	4	5	2	4	5	7	6	2	13	14	9	18	19	1	1	3	1	1	1	1	1	1	1	4	1	4	1	7
1	1	11	4	3	6	4	4	4	6	2	7	17	13	11	26	1	1	1	1	1	11	5	3	7	2	5	1	5	2	11
1	2	14	3	6	6	2	4	3	10	1	4	20	18	3	34	1	1	1	1	3	8	6	3	6	1	1	1	1	1	13
1	2	12	3	11	9	3	4	3	5	1	10	16	12	13	24	1	1	1	3	1	11	17	9	1	1	1	1	3	1	11
1	1	9	2	11	8	5	7	7	5	2	19	11	10	20	17	1	1	1	1	1	6	14	1	1	9	4	1	6	1	4
1	1	9	4	8	7	3	6	4	9	2	9	15	11	15	22	1	1	1	1	4	11	5	4	4	1	7	1	1	1	4
1	2	10	2	6	4	2	8	3	6	3	10	12	10	19	18	1	1	1	1	1	1	10	1	1	4	4	1	1	1	4
1	3	11	3	9	9	2	2	6	7	1	7	14	15	12	25	1	4	1	1	1	7	10	4	1	4	1	1	1	1	10
1	2	7	3	6	6	5	5	7	7	4	14	12	10	18	19	1	1	1	1	3	7	1	3	1	3	5	1	3	5	5
1	1	9	4	8	7	3	3	4	5	3	9	15	12	13	24	1	1	1	1	1	12	8	6	3	1	6	1	6	1	6
1	3	11	2	8	4	4	6	3	7	1	11	12	13	17	20	1	1	1	1	1	4	4	7	4	1	7	1	4	1	12
1	3	3	2	6	2	5	13	8	5	2	29	9	4	27	10	1	1	1	1	1	1	1	1	5	1	1	1	1	5	1
1	1	8	4	6	6	4	4	5	6	3	13	14	12	14	23	1	1	1	1	1	3	3	3	1	1	3	1	3	6	6
1	2	7	4	7	6	3	3	8	10	2	11	14	9	18	19	1	4	1	1	4	6	1	4	4	1	1	1	4	1	9
1	1	11	3	7	2	5	4	7	9	2	10	15	12	14	23	1	1	1	1	1	1	1	1	1	9	9	1	1	9	21
1	2	4	2	10	6	3	7	5	8	2	13	9	5	27	10	1	1	1	4	2	1	4	2	2	2	4	1	1	1	4
1	1	8	3	9	7	3	3	6	9	1	10	14	10	17	20	1	1	1	1	1	7	7	12	1	1	7	1	1	1	1
1	3	10	2	10	10	3	4	3	9	2	6	14	12	15	22	1	1	1	1	4	4	18	8	1	4	1	1	1	4	4
1	2	10	3	2	3	4	4	3	6	4	7	14	11	16	21	1	1	3	1	1	3	3	1	4	3	6	1	1	1	12
1	2	8	3	9	10	2	5	7	8	2	13	13	10	18	19	1	4	1	1	1	6	1	6	1	1	1	1	1	1	6
1	1	12	4	3	4	3	3	3	6	2	5	17	12	12	25	1	1	1	1	1	3	1	2	3	2	5	1	2	1	13
1	1	11	2	10	5	5	5	5	8	1	12	11	13	18	19	1	1	1	1	1	12	6	6	1	1	12	1	1	12	6
1	2	9	2	8	7	2	5	4	11	1	8	13	11	17	20	1	1	1	1	1	10	5	8	3	1	7	1	3	1	6
1	1	11	4	3	3	4	4	3	4	3	7	16	13	12	25	1	1	1	1	1	5	1	1	3	1	7	1	1	3	7
1	2	10	4	11	6	2	5	5	6	2	6	15	12	14	23	1	1	1	1	1	1	14	1	1	1	8	1	1	1	8
1	1	3	4	7	2	5	10	6	7	2	26	10	2	29	8	1	1	1	1	1	1	8	1	1	1	5	1	1	1	1
1	2	14	2	6	7	2	3	2	8	1	3	13	20	8	29	1	1	1	1	1	8	5	5	1	1	1	1	1	1	18
1	1	8	1	7	8	2	4	3	11	2	6	15	12	14	23	1	1	1	1	1	7	9	5	1	1	3	1	1	1	9
1	2	8	2	5	6	4	3	5	9	4	7	16	10	15	22	4	1	1	1	4	1	7	7	7	1	1	1	1	4	15
1	3	11	2	10	8	1	7	4	5	2	10	11	10	20	17	1	1	1	7	1	13	7	1	1	1	1	1	1	1	7
1	2	6	3	5	3	5	8	8	5	3	23	8	8	25	12	1	2	2	4	2	1	5	1	4	4	2	2	5	4	2
1	1	9	4	8	6	2	7	5	8	2	10	16	9	16	21	1	1	1	1	1	4	4	1	1	1	1	1	1	1	10
1	4	10	4	9	10	2	3	5	7	1	5	15	13	14	23	7	1	1	1	1	15	1	7	1	1	1	1	1	1	1
1	2	1	4	5	2	4	8	12	8	2	25	9	3	29	8	1	5	1	1	1	1	1	1	5	1	1	1	1	8	1
1	2	9	6	4	2	4	3	4	5	4	8	18	12	10	27	1	3	1	1	1	1	8	1	6	3	13	1	3	3	6
1	2	8	4	6	5	5	3	6	8	1	11	11	9	20	17	1	5	1	1	1	5	5	1	5	5	5	1	9	5	1
1	2	8	4	11	4	3	8	5	4	2	11	14	11	17	20	1	1	1	1	1	1	10	7	7	1	4	4	4	1	10
1	3	6	3	7	6	6	4	8	9	2	16	11	10	21	16	1	1	1	1	3	3	6	3	6	3	11	1	3	3	3
1	2	4	3	7	3	4	7	9	7	2	26	8	9	25	13	1	1	1	1	1	1	8	5	1	5	5	1	1	1	1
1	2	3	3	10	3	4	8	5	9	2	16	7	10	23	14	1	1	1	1	4	1	7	1	1	1	14	1	1	1	1
1	2	2	3	4	2	3	10	9	8	2	24	9	4	28	9	1	1	1	1	1	1	1	1	1	1	1	1	1	5	5
1	1	8	4	8	5	5	4	6	9	1	10	13	10	18	19	1	1	1	1	3	3	3	1	1	1	8	1	3	1	8
1	1	4	1	10	4	2	6	6	9	2	11	8	5	28	9	1	1	1	1	1	4	4	2	2	1	5	1	2	1	4
1	3	5	2	8	6	4	9	6	8	2	16	10	8	22	15	1	6	1	1	1	3	8	3	6	6	3	1	6	3	3
1	3	4	5	2	3	5	13	11	3	2	34	9	6	26	11	1	1	1	7	1	1	1	1	13	1	13	1	1	15	1
1	1	11	2	8	12	3	3	3	9	1	3	16	14	11	26	1	1	1	1	1	25	16	5	1	5	5	1	5	1	16
1	4	9	3	3	6	6	7	11	2	1	26	9	13	19	18	1	1	1	1	1	1	7	1	1	1	12	1	7	1	1
1	2	5	2	7	6	7	5	6	8	1	12	10	7	24	13	1	6	1	1	1	1	1	6	1	10	10	1	10	1	1
1	1	9	3	5	4	5	3	1	7	3	5	16	10	15	22	1	1	1	1	1	1	1	1	6	1	11	1	1	6	16
1	1	11	1	1	4	1	3	3	4	3	2	13	10	18	19	1	5	1	1	1	5	1	1	1	1	1	1	1	1	1
1	2	6	2	4	2	3	4	6	10	2	6	12	10	19	18	1	1	1	1	1	4	1	1	4	1	4	1	4	1	4
1	1	6	3	4	3	5	5	3	7	3	8	14	9	18	19	1	1	1	1	1	6	10	1	6	1	1	1	1	6	1
